     0/199      3.3G   0.06716    0.0107    0.0201   0.09795       124       640    0.1464    0.1908   0.09288   0.02965   0.08262   0.01204   0.01886
     1/199     4.38G   0.05704  0.009201   0.01289   0.07913       138       640    0.2163    0.3212    0.1799    0.0674   0.07993    0.0112   0.01451
     2/199     4.38G   0.05478  0.008949  0.009588   0.07332       135       640    0.3037    0.3403    0.2333   0.09163   0.07928   0.01185   0.01262
     3/199     4.38G   0.05334  0.008881  0.008233   0.07045       112       640    0.3316    0.3653    0.2839    0.1041   0.08204    0.0114   0.01138
     4/199     4.38G   0.05282  0.008956  0.007953   0.06973       134       640    0.3306    0.4055    0.2974    0.1147   0.07639   0.01178   0.01006
     5/199     4.38G   0.05163  0.008832  0.007263   0.06773        99       640    0.4375    0.3928     0.345    0.1422   0.07447   0.01193   0.01036
     6/199     4.38G   0.05093  0.008893  0.006528   0.06635       134       640    0.3918     0.412    0.3541    0.1535   0.07343   0.01181  0.009374
     7/199     4.38G   0.05056  0.008834  0.006002   0.06539       132       640    0.4696     0.426     0.392    0.1657    0.0764   0.01111   0.00939
     8/199     4.38G   0.05012  0.008657  0.005842   0.06462       106       640     0.489    0.4309    0.4117    0.1697   0.07736   0.01128  0.008567
     9/199     4.38G   0.04948  0.008734  0.005674   0.06389       131       640    0.4607     0.453    0.4173    0.1749   0.07352    0.0111  0.008499
    10/199     4.38G    0.0489  0.008737  0.005354   0.06299       101       640    0.5071    0.5024    0.4748    0.2118   0.07301   0.01114  0.007455
    11/199     4.38G   0.04881  0.008638  0.005236   0.06269       119       640    0.5583    0.5465    0.5109    0.2264   0.07163   0.01081  0.007569
    12/199     4.38G   0.04811  0.008527  0.005019   0.06165       108       640    0.5341    0.5098    0.4868    0.2155   0.07283   0.01069  0.007146
    13/199     4.38G   0.04776  0.008604  0.004751   0.06111       114       640    0.5141    0.5261    0.4917    0.2306   0.07087   0.01098  0.007038
    14/199     4.38G   0.04764  0.008626  0.004712   0.06098       117       640    0.5453    0.5286    0.5078     0.233   0.07455   0.01052  0.007081
    15/199     4.38G   0.04752  0.008643  0.004616   0.06078       157       640    0.5619    0.5305    0.5189    0.2337   0.07217   0.01065  0.007311
    16/199     4.38G    0.0475  0.008603   0.00443   0.06053       112       640    0.6447    0.5508    0.5617    0.2533   0.06978   0.01083  0.006915
    17/199     4.38G   0.04723  0.008606   0.00443   0.06027        93       640    0.5414    0.5511    0.5264    0.2371   0.07195   0.01073  0.006957
    18/199     4.38G   0.04667  0.008557  0.004314   0.05954       139       640    0.6607    0.5299    0.5675    0.2662   0.07135   0.01091  0.006554
    19/199     4.38G   0.04661  0.008591  0.004094    0.0593       103       640    0.6365    0.5542    0.5773    0.2737   0.07029   0.01072  0.006706
    20/199     4.38G   0.04716  0.008486  0.004191   0.05983       114       640    0.5865      0.54     0.552    0.2501   0.07389   0.01056  0.006771
    21/199     4.38G   0.04682  0.008446  0.004109   0.05937        95       640     0.633    0.5906    0.6012    0.2854   0.07069   0.01045  0.006398
    22/199     4.38G   0.04722  0.008279  0.004365   0.05987       138       640    0.6456    0.5069    0.5474    0.2524   0.07398    0.0109  0.007075
    23/199     4.38G    0.0473  0.008316  0.004122   0.05974       148       640    0.6763    0.5712    0.6163     0.296   0.07282   0.01012  0.006219
    24/199     4.38G   0.04714  0.008252  0.004049   0.05944       136       640    0.6481    0.5988    0.6227    0.2978   0.07292   0.01044  0.006859
    25/199     4.38G   0.04678  0.008278  0.004109   0.05917        80       640     0.649    0.5936    0.6266    0.2933   0.07233   0.01034  0.006589
    26/199     4.38G   0.04647  0.008256   0.00379   0.05851       139       640    0.6307    0.6565    0.6463     0.313   0.07078   0.01009  0.006386
    27/199     4.38G   0.04634  0.008273   0.00382   0.05843        96       640    0.6922    0.6236    0.6627    0.3198   0.07029  0.009911  0.006176
    28/199     4.38G   0.04641  0.008159  0.003885   0.05846       147       640    0.6518    0.6336    0.6446    0.3137   0.07172   0.01014  0.006288
    29/199     4.38G   0.04629   0.00807  0.003804   0.05816       131       640     0.646     0.617    0.6403    0.3166    0.0716   0.01017  0.006064
    30/199     4.38G    0.0463  0.008098  0.003767   0.05817       144       640     0.665    0.6487    0.6645    0.3307   0.07046   0.01014  0.006366
    31/199     4.38G   0.04594  0.008184  0.003625   0.05775       130       640    0.6781    0.6719    0.6858    0.3441      0.07  0.009847    0.0063
    32/199     4.38G   0.04585  0.008159  0.003724   0.05773       116       640    0.7033    0.6357    0.6866    0.3469   0.07051  0.009834  0.005704
    33/199     4.38G   0.04588  0.008105  0.003569   0.05755       109       640    0.6544    0.6507    0.6611    0.3324   0.07147  0.009635   0.00568
    34/199     4.38G   0.04566  0.007975  0.003563   0.05719       153       640    0.7289    0.6381    0.6998     0.354   0.07055  0.009851  0.005762
    35/199     4.38G    0.0459  0.008041  0.003808   0.05774       136       640    0.7182    0.6317    0.6973     0.363   0.07073   0.01001  0.005694
    36/199     4.38G   0.04523  0.007972  0.003404   0.05661        95       640    0.7228    0.6978    0.7278    0.3756   0.07016  0.009686  0.005731
    37/199     4.38G   0.04523  0.007999  0.003483   0.05671       143       640    0.7426    0.6903    0.7317    0.3808   0.06813  0.009749   0.00578
    38/199     4.38G    0.0451  0.007936  0.003382   0.05642       125       640    0.7676    0.6325    0.7141    0.3714   0.06778   0.01003  0.005973
    39/199     4.38G   0.04504  0.007901   0.00326    0.0562       127       640     0.739    0.7044    0.7502    0.3917   0.06758  0.009653  0.005675
    40/199     4.38G   0.04464  0.007902  0.003222   0.05577       138       640    0.7138    0.7048    0.7465    0.4007   0.06721  0.009493  0.005295
    41/199     4.38G   0.04489  0.007961  0.003234   0.05608       135       640    0.7365    0.7233    0.7643    0.4126   0.06559  0.009516  0.005136
    42/199     4.38G   0.04457  0.007941  0.003309   0.05582       115       640    0.7597    0.6995     0.772    0.4112   0.06476  0.009477  0.005252
    43/199     4.38G   0.04457  0.007883  0.003323   0.05577       117       640    0.7854    0.7286    0.7879    0.4242   0.06407  0.009615  0.005391
    44/199     4.38G   0.04457    0.0078  0.003273   0.05564       116       640    0.7453    0.7435    0.7724    0.4226   0.06553   0.00939  0.005303
    45/199     4.38G   0.04435  0.007802  0.003386   0.05553       113       640    0.7699    0.7122    0.7804    0.4296    0.0657   0.00936  0.005048
    46/199     4.38G   0.04414  0.007854   0.00328   0.05528        85       640    0.7732    0.7478     0.796    0.4296   0.06455  0.009566  0.005083
    47/199     4.38G   0.04407  0.007773  0.003294   0.05514       115       640    0.7237    0.7524    0.7792    0.4315   0.06424  0.009276  0.005239
    48/199     4.38G   0.04357  0.007754  0.003053   0.05438       112       640    0.7729    0.7689    0.8043    0.4505   0.06338  0.009378  0.005168
    49/199     4.38G   0.04317   0.00774  0.002994    0.0539       113       640    0.7779    0.7796     0.816    0.4634   0.06303  0.009273  0.004958
    50/199     4.38G   0.04329   0.00784  0.003151   0.05428       117       640     0.804    0.7577    0.8123    0.4661   0.06233  0.009343  0.005298
    51/199     4.38G   0.04345  0.007619  0.003152   0.05422       138       640    0.7768    0.7922    0.8234    0.4588   0.06421  0.009183    0.0052
    52/199     4.38G   0.04317  0.007657  0.003016   0.05384       132       640    0.8288     0.759    0.8307     0.471   0.06279  0.009205  0.005055
    53/199     4.38G   0.04338  0.007673    0.0031   0.05416       112       640    0.7816     0.811    0.8392    0.4742   0.06296  0.009148  0.004884
    54/199     4.38G   0.04289  0.007643  0.002811   0.05335       107       640    0.8527    0.7713    0.8488    0.4974   0.06111  0.009113  0.004909
    55/199     4.38G   0.04258  0.007567  0.002955    0.0531       122       640    0.8612    0.7568    0.8415    0.4966   0.06129  0.009007  0.004903
    56/199     4.38G   0.04278  0.007617  0.002943   0.05334       123       640    0.8446     0.795    0.8493    0.4952   0.06141  0.008945  0.004905
    57/199     4.38G   0.04223  0.007606   0.00276   0.05259       146       640    0.8119    0.8057    0.8476    0.5042   0.06115  0.008872  0.004876
    58/199     4.38G   0.04267  0.007601    0.0031   0.05337        88       640    0.8388    0.8172    0.8622    0.5048   0.06046  0.009063  0.004873
    59/199     4.38G   0.04255  0.007497  0.002922   0.05297       116       640    0.8016    0.8382    0.8597    0.5169    0.0611  0.008798  0.005023
    60/199     4.38G   0.04216  0.007504  0.002795   0.05246       116       640    0.8138    0.8415     0.863    0.5203   0.06094  0.008796  0.005011
    61/199     4.38G   0.04188  0.007532   0.00273   0.05214       125       640     0.847     0.824    0.8702    0.5257   0.06016  0.008648  0.005065
    62/199     4.38G   0.04207  0.007608    0.0028   0.05248       120       640    0.8317    0.8348    0.8801    0.5305   0.05929  0.008761  0.005068
    63/199     4.38G   0.04162  0.007595  0.002696   0.05192       142       640    0.8549    0.8389    0.8856    0.5399    0.0578  0.008686  0.004869
    64/199     4.38G   0.04186  0.007594  0.002811   0.05227       142       640    0.8351    0.8525    0.8899    0.5423   0.05852  0.008539  0.005062
    65/199     4.38G   0.04146  0.007502  0.002846    0.0518       103       640    0.8431    0.8471    0.8897    0.5475   0.05777  0.008502  0.005067
    66/199     4.38G   0.04181  0.007446  0.002815   0.05207       119       640    0.8739    0.8412    0.8901      0.54   0.05913   0.00847  0.005148
    67/199     4.38G    0.0414  0.007318  0.002703   0.05142       129       640    0.8605    0.8492    0.8897    0.5465   0.05909  0.008534  0.004927
    68/199     4.38G   0.04109  0.007416  0.002621   0.05112        89       640    0.8657    0.8424     0.891    0.5512   0.05802  0.008474  0.004891
    69/199     4.38G   0.04165  0.007301  0.002765   0.05171       108       640    0.8438    0.8635    0.8982    0.5647   0.05852  0.008329  0.004832
    70/199     4.38G   0.04147  0.007424   0.00262   0.05151       100       640    0.8789    0.8538    0.9022     0.565   0.05832  0.008269  0.004783
    71/199     4.38G   0.04088  0.007364  0.002681   0.05093       162       640    0.8736    0.8563    0.9023    0.5741   0.05752  0.008313  0.004752
    72/199     4.38G   0.04086  0.007392  0.002645   0.05089       126       640    0.9014    0.8358    0.9051    0.5733   0.05699  0.008414  0.004769
    73/199     4.38G   0.04084  0.007397  0.002497   0.05073       126       640    0.8808    0.8629    0.9109    0.5746   0.05722  0.008277  0.004773
    74/199     4.38G   0.04014  0.007354   0.00245   0.04995       135       640    0.8576     0.881    0.9148     0.583   0.05686   0.00822  0.004806
    75/199     4.38G   0.04059  0.007336    0.0025   0.05043       102       640    0.8597    0.8827     0.914     0.585   0.05637  0.008236  0.004839
    76/199     4.38G   0.04004  0.007346  0.002453   0.04984       118       640    0.8616    0.8911    0.9204    0.5869   0.05637  0.008131  0.004728
    77/199     4.38G   0.04006  0.007408  0.002525   0.04999       109       640     0.895    0.8773    0.9246    0.5947   0.05639  0.008071  0.004648
    78/199     4.38G   0.04005  0.007372  0.002575   0.04999        95       640    0.8898    0.8925    0.9272     0.599   0.05538  0.008066  0.004553
    79/199     4.38G   0.04017  0.007361  0.002641   0.05017       110       640    0.8801    0.8942    0.9272    0.6025   0.05386  0.008186  0.004513
    80/199     4.38G   0.03981  0.007302  0.002426   0.04953       114       640    0.8769    0.8894    0.9237    0.6084   0.05345  0.008186  0.004449
    81/199     4.38G   0.03982  0.007217  0.002439   0.04948       140       640    0.8618    0.9169    0.9281    0.6132   0.05322  0.008179  0.004387
    82/199     4.38G   0.03941  0.007282  0.002318   0.04901       132       640    0.8945    0.8864    0.9289    0.6143   0.05352  0.008109  0.004334
    83/199     4.38G   0.03982   0.00715  0.002326    0.0493       133       640     0.886    0.9031    0.9308    0.6212   0.05366  0.008079   0.00436
    84/199     4.38G   0.03942   0.00718  0.002374   0.04897       126       640    0.8877    0.9069    0.9305    0.6208   0.05344  0.008107  0.004333
    85/199     4.38G   0.03919  0.007226  0.002383    0.0488       123       640    0.8798    0.9123    0.9308    0.6242   0.05378  0.008047  0.004386
    86/199     4.38G   0.03896  0.007199   0.00237   0.04853       123       640    0.8822    0.9171     0.933     0.622   0.05403  0.008042   0.00439
    87/199     4.38G   0.03893  0.007247  0.002404   0.04858       112       640      0.89    0.9118    0.9334    0.6328    0.0536  0.007986  0.004431
    88/199     4.38G   0.03875  0.007152  0.002291   0.04819       138       640    0.8842    0.9176    0.9332    0.6368   0.05346  0.007918  0.004443
    89/199     4.38G   0.03904  0.007188  0.002508   0.04873       142       640    0.9107    0.8992    0.9363    0.6401   0.05322  0.007909  0.004495
    90/199     4.38G   0.03906  0.007125  0.002352   0.04853       150       640    0.9026    0.9127    0.9404    0.6462   0.05314  0.007893  0.004439
    91/199     4.38G   0.03859  0.007103  0.002334   0.04803       121       640    0.8975    0.9136     0.941     0.648   0.05284  0.007907  0.004403
    92/199     4.38G   0.03823  0.007137  0.002427    0.0478       103       640     0.905    0.9125    0.9433    0.6499   0.05266    0.0079  0.004404
    93/199     4.38G   0.03859  0.007055   0.00225   0.04789       118       640    0.8872    0.9325    0.9454    0.6527   0.05265  0.007849  0.004431
    94/199     4.38G   0.03824  0.007172  0.002163   0.04758       112       640    0.9195    0.9053    0.9453    0.6536   0.05245   0.00781  0.004392
    95/199     4.38G   0.03834  0.007106  0.002198   0.04764       102       640    0.8999    0.9318    0.9463    0.6535   0.05233  0.007789  0.004362
    96/199     4.38G   0.03805  0.007058  0.002286   0.04739       119       640    0.9004    0.9321    0.9444    0.6557   0.05212  0.007815   0.00437
    97/199     4.38G   0.03776  0.006938  0.002226   0.04693        99       640    0.9096    0.9298    0.9451    0.6561   0.05195  0.007834  0.004329
    98/199     4.38G   0.03771  0.006934  0.002062   0.04671       101       640    0.9216    0.9179    0.9463    0.6596   0.05197  0.007801   0.00431
    99/199     4.38G   0.03764  0.006977  0.002182    0.0468       113       640     0.917    0.9227    0.9476    0.6592   0.05179  0.007776  0.004283
   100/199     4.38G   0.03772  0.007012  0.002176   0.04691       129       640    0.9104    0.9354    0.9492    0.6629   0.05145  0.007738  0.004256
   101/199     4.38G   0.03742  0.006965  0.002138   0.04652       123       640    0.9132    0.9338      0.95     0.666   0.05113  0.007711  0.004241
   102/199     4.38G   0.03723  0.006937  0.002065   0.04623       180       640    0.9224    0.9286     0.952    0.6697   0.05068  0.007703  0.004218
   103/199     4.38G   0.03711  0.006906  0.002082    0.0461        96       640    0.9035     0.946    0.9524    0.6732   0.05027  0.007689  0.004202
   104/199     4.38G   0.03706  0.006926  0.002004   0.04599       133       640    0.9139    0.9374    0.9523    0.6746    0.0498  0.007704   0.00418
   105/199     4.38G   0.03705  0.006872  0.002071     0.046       141       640    0.9228    0.9355    0.9541    0.6797   0.04907  0.007723  0.004151
   106/199     4.38G   0.03655  0.006826  0.002029    0.0454       130       640    0.9171    0.9367    0.9529    0.6792   0.04858  0.007733  0.004129
   107/199     4.38G   0.03661   0.00694  0.002105   0.04566       110       640    0.9138    0.9436    0.9525     0.681   0.04832  0.007721  0.004102
   108/199     4.38G   0.03634  0.006894   0.00192   0.04515       116       640    0.9188    0.9459    0.9528    0.6834   0.04813   0.00772  0.004085
   109/199     4.38G   0.03638  0.006925  0.002086    0.0454       145       640    0.9166    0.9463    0.9536    0.6834    0.0481  0.007704  0.004081
   110/199     4.38G   0.03601   0.00678  0.001844   0.04464       144       640    0.9281    0.9353    0.9544    0.6852   0.04804  0.007682  0.004085
   111/199     4.38G    0.0362  0.006926  0.002116   0.04524       135       640    0.9149    0.9527    0.9541    0.6857   0.04802  0.007657  0.004088
   112/199     4.38G   0.03603  0.006801  0.001922   0.04475        99       640    0.9166    0.9517    0.9553    0.6908   0.04796   0.00764  0.004086
   113/199     4.38G   0.03613   0.00682  0.001918   0.04487       107       640    0.9149    0.9551    0.9563    0.6912   0.04774  0.007628  0.004079
   114/199     4.38G   0.03593  0.006826  0.001946    0.0447       127       640    0.9172    0.9526    0.9572    0.6928   0.04749  0.007624  0.004065
   115/199     4.38G   0.03559   0.00676  0.002033   0.04438       142       640    0.9247    0.9465     0.958    0.6945   0.04731  0.007617  0.004049
   116/199     4.38G   0.03601  0.006789  0.001996   0.04479        86       640    0.9234    0.9477    0.9586    0.6967   0.04713  0.007621  0.004038
   117/199     4.38G   0.03556  0.006785  0.001965   0.04431       120       640    0.9307    0.9453    0.9605    0.6986   0.04695  0.007615  0.004032
   118/199     4.38G   0.03537  0.006713  0.001943   0.04402       125       640    0.9368    0.9407    0.9611    0.7007   0.04682  0.007605  0.004033
   119/199     4.38G   0.03525  0.006677  0.001845   0.04378       114       640    0.9187    0.9567    0.9613    0.7028   0.04676  0.007593   0.00403
   120/199     4.38G   0.03504  0.006696  0.001845   0.04358       124       640    0.9367    0.9391    0.9622    0.7034   0.04665  0.007582  0.004035
   121/199     4.38G   0.03457  0.006642  0.001854   0.04307       122       640    0.9341    0.9445    0.9626    0.7039   0.04663  0.007568  0.004033
   122/199     4.38G    0.0348  0.006769  0.001894   0.04346       133       640    0.9308    0.9507    0.9629    0.7045   0.04668  0.007559  0.004027
   123/199     4.38G   0.03468  0.006584   0.00179   0.04306       127       640    0.9272    0.9548    0.9633    0.7069   0.04668   0.00754  0.004023
   124/199     4.38G   0.03468  0.006577  0.001957   0.04321       114       640    0.9286    0.9562    0.9633    0.7074   0.04663  0.007536  0.004019
   125/199     4.38G   0.03461  0.006527  0.001774   0.04291       118       640     0.938    0.9486    0.9642    0.7099   0.04657  0.007535  0.004011
   126/199     4.38G    0.0344  0.006694  0.001725   0.04282       125       640    0.9381    0.9498    0.9643    0.7106   0.04658  0.007526  0.004004
   127/199     4.38G   0.03463  0.006573  0.001759   0.04296        99       640    0.9366    0.9533    0.9651    0.7118   0.04656  0.007516  0.003997
   128/199     4.38G   0.03415  0.006676  0.001825   0.04265       104       640    0.9409    0.9497    0.9659    0.7126   0.04652    0.0075  0.003989
   129/199     4.38G   0.03421  0.006496  0.001816   0.04252       142       640    0.9428    0.9492    0.9666    0.7142   0.04646  0.007487  0.003982
   130/199     4.38G   0.03392  0.006515  0.001709   0.04214       115       640    0.9443     0.949    0.9665    0.7146   0.04639  0.007476  0.003979
   131/199     4.38G   0.03385  0.006498  0.001724   0.04207       101       640    0.9414    0.9515    0.9671     0.717   0.04633  0.007463  0.003977
   132/199     4.38G   0.03398  0.006457  0.001751   0.04218       124       640    0.9437    0.9503    0.9671    0.7183   0.04628  0.007449  0.003973
   133/199     4.38G   0.03389  0.006479  0.001821   0.04219       148       640     0.945    0.9513    0.9672     0.719    0.0462   0.00744  0.003969
   134/199     4.38G   0.03383  0.006517  0.001768   0.04211       111       640    0.9424    0.9534    0.9674    0.7196   0.04613  0.007431  0.003964
   135/199     4.38G   0.03332   0.00642  0.001757    0.0415       122       640    0.9448    0.9508    0.9675    0.7205   0.04607  0.007425  0.003959
   136/199     4.38G   0.03337  0.006447  0.001759   0.04158       119       640    0.9393    0.9552    0.9677    0.7215   0.04597  0.007419  0.003955
   137/199     4.38G   0.03352  0.006449  0.001752   0.04172       114       640    0.9336    0.9618    0.9677    0.7224   0.04586  0.007415  0.003949
   138/199     4.38G   0.03332  0.006418  0.001715   0.04145       116       640    0.9374    0.9588    0.9678    0.7238   0.04573  0.007413  0.003945
   139/199     4.38G   0.03304   0.00638  0.001585     0.041       137       640    0.9385    0.9573    0.9681    0.7249   0.04562  0.007409  0.003938
   140/199     4.38G   0.03301  0.006363  0.001676   0.04105        94       640    0.9369    0.9605    0.9683    0.7249   0.04552  0.007406  0.003931
   141/199     4.38G   0.03271  0.006406  0.001661   0.04077       127       640    0.9391    0.9586    0.9688    0.7255   0.04543  0.007401  0.003927
   142/199     4.38G   0.03276  0.006406  0.001612   0.04078       107       640     0.937     0.962    0.9689    0.7276   0.04535  0.007396  0.003922
   143/199     4.38G   0.03283  0.006418  0.001661   0.04091       103       640    0.9364    0.9617    0.9691    0.7293   0.04526  0.007392   0.00392
   144/199     4.38G   0.03291   0.00635  0.001654   0.04091       126       640    0.9451    0.9545    0.9692    0.7286   0.04518   0.00739  0.003916
   145/199     4.38G   0.03264  0.006428  0.001604   0.04067       102       640    0.9453    0.9552    0.9692    0.7291   0.04509  0.007386  0.003912
   146/199     4.38G   0.03234  0.006378  0.001735   0.04045        93       640    0.9462    0.9551    0.9693    0.7297     0.045  0.007383  0.003908
   147/199     4.38G   0.03221  0.006333  0.001751   0.04029       130       640    0.9453    0.9566    0.9693    0.7301   0.04492  0.007382  0.003905
   148/199     4.38G   0.03209  0.006254  0.001643   0.03999       120       640    0.9334    0.9685    0.9693      0.73   0.04482   0.00738  0.003902
   149/199     4.38G   0.03227  0.006238  0.001574   0.04008       119       640    0.9335    0.9695    0.9693    0.7308   0.04475  0.007376  0.003899
   150/199     4.38G   0.03215  0.006197  0.001541   0.03989       110       640    0.9465    0.9569    0.9693    0.7321   0.04467  0.007372  0.003895
   151/199     4.38G   0.03191  0.006392  0.001628   0.03993       145       640    0.9424    0.9609    0.9697    0.7327   0.04459  0.007367  0.003891
   152/199     4.38G   0.03159  0.006236  0.001607   0.03943       122       640    0.9424    0.9631    0.9698    0.7332   0.04452  0.007363  0.003888
   153/199     4.38G   0.03168  0.006211  0.001587   0.03948       120       640    0.9421    0.9631    0.9699    0.7334   0.04445   0.00736  0.003885
   154/199     4.38G    0.0317   0.00621  0.001591    0.0395       137       640    0.9418     0.963    0.9699    0.7351   0.04438  0.007356  0.003882
   155/199     4.38G   0.03153  0.006227  0.001476   0.03924       107       640    0.9412    0.9641    0.9699     0.735   0.04432  0.007353  0.003879
   156/199     4.38G   0.03158  0.006148  0.001518   0.03924       113       640    0.9441    0.9618    0.9702    0.7359   0.04426  0.007348  0.003875
   157/199     4.38G   0.03139  0.006106  0.001495   0.03899       131       640    0.9443    0.9623    0.9704    0.7365    0.0442  0.007344  0.003872
   158/199     4.38G   0.03118  0.006145  0.001408   0.03873       122       640    0.9452     0.961    0.9707    0.7381   0.04414  0.007338  0.003868
   159/199     4.38G   0.03111   0.00621  0.001399   0.03872        96       640    0.9479    0.9594     0.971    0.7386   0.04409  0.007332  0.003865
   160/199     4.38G   0.03103  0.006144  0.001485   0.03866       101       640    0.9477    0.9598    0.9711    0.7385   0.04403  0.007328  0.003863
   161/199     4.38G     0.031  0.006048  0.001352    0.0384       110       640    0.9462     0.961    0.9712    0.7393   0.04398  0.007323   0.00386
   162/199     4.38G   0.03108  0.006063  0.001468   0.03862       118       640    0.9383    0.9691    0.9712    0.7394   0.04392  0.007319  0.003856
   163/199     4.38G   0.03089  0.006013   0.00154   0.03844       104       640     0.936    0.9705    0.9708      0.74   0.04387  0.007315  0.003851
   164/199     4.38G   0.03075   0.00604  0.001486   0.03828       116       640    0.9378    0.9698    0.9708    0.7404   0.04382   0.00731  0.003847
   165/199     4.38G    0.0305  0.006017  0.001441   0.03795       132       640    0.9386    0.9687    0.9708    0.7401   0.04377  0.007304  0.003842
   166/199     4.38G   0.03042  0.006012  0.001392   0.03782       115       640    0.9392    0.9686    0.9712    0.7406   0.04372    0.0073  0.003837
   167/199     4.38G   0.03038  0.005932  0.001363   0.03768       119       640    0.9374    0.9712    0.9713    0.7423   0.04367  0.007294  0.003832
   168/199     4.38G   0.03082   0.00615  0.001563   0.03853       162       640    0.9392     0.968    0.9711    0.7421   0.04362  0.007289  0.003827
   169/199     4.38G   0.03059  0.006074  0.001428   0.03809       152       640    0.9403    0.9684    0.9716    0.7429   0.04357  0.007285  0.003822
   170/199     4.38G   0.03047  0.006034  0.001496     0.038       137       640    0.9389    0.9693    0.9717    0.7433   0.04351  0.007279  0.003817
   171/199     4.38G   0.03006  0.006065  0.001434   0.03756       136       640    0.9405     0.968    0.9718     0.744   0.04346  0.007276  0.003811
   172/199     4.38G   0.03007  0.006067  0.001393   0.03753       128       640    0.9399    0.9692    0.9719    0.7436   0.04342  0.007273  0.003806
   173/199     4.38G    0.0298  0.005993  0.001406    0.0372       108       640    0.9389    0.9702    0.9719    0.7446   0.04337  0.007269    0.0038
   174/199     4.38G   0.03012  0.005987  0.001383   0.03749       147       640    0.9386      0.97    0.9721    0.7449   0.04333  0.007266  0.003794
   175/199     4.38G   0.03026  0.006062   0.00144   0.03777        96       640    0.9383    0.9706    0.9722    0.7463   0.04329  0.007261  0.003788
   176/199     4.38G   0.02982  0.005924  0.001362    0.0371       131       640    0.9386    0.9715    0.9724    0.7461   0.04324  0.007258  0.003782
   177/199     4.38G   0.03018  0.005971  0.001349    0.0375       118       640    0.9392    0.9708    0.9724    0.7463    0.0432  0.007256  0.003776
   178/199     4.38G    0.0301  0.006002  0.001382   0.03748       111       640    0.9384    0.9711    0.9727    0.7465   0.04316  0.007254  0.003771
   179/199     4.38G   0.02975  0.005902  0.001434   0.03709       109       640    0.9375    0.9722    0.9728     0.747   0.04311   0.00725  0.003766
   180/199     4.38G   0.02999  0.006046  0.001435   0.03747       105       640    0.9408    0.9696    0.9729    0.7476   0.04306  0.007246   0.00376
   181/199     4.38G   0.02965  0.005924  0.001412   0.03699       133       640    0.9401    0.9698    0.9731    0.7485   0.04302  0.007243  0.003755
   182/199     4.38G   0.02969  0.005935  0.001452   0.03708       124       640    0.9407    0.9689    0.9733    0.7492   0.04297  0.007241   0.00375
   183/199     4.38G   0.02925  0.005904   0.00142   0.03658       110       640    0.9407    0.9691    0.9734    0.7492   0.04293  0.007238  0.003745
   184/199     4.38G   0.02942  0.005889  0.001368   0.03668       121       640    0.9405    0.9692    0.9735    0.7499   0.04289  0.007235  0.003739
   185/199     4.38G   0.02929  0.005829  0.001313   0.03643       126       640    0.9405    0.9698    0.9735      0.75   0.04285  0.007232  0.003733
   186/199     4.38G   0.02943  0.005899  0.001455   0.03678       113       640    0.9404    0.9698    0.9737    0.7506   0.04281  0.007229  0.003727
   187/199     4.38G    0.0292  0.005897  0.001396   0.03649       155       640    0.9372    0.9731    0.9738    0.7516   0.04276  0.007225  0.003721
   188/199     4.38G   0.02883  0.005818  0.001284   0.03593       132       640    0.9426    0.9684    0.9739    0.7516   0.04272  0.007222  0.003715
   189/199     4.38G     0.029  0.005875  0.001281   0.03616       147       640      0.94     0.971     0.974    0.7521   0.04267  0.007219  0.003709
   190/199     4.38G   0.02951  0.005936  0.001428   0.03688       123       640    0.9403     0.971    0.9741    0.7532   0.04264  0.007215  0.003703
   191/199     4.38G   0.02945  0.005906  0.001391   0.03674       131       640    0.9403    0.9716    0.9742    0.7545   0.04259  0.007211  0.003697
   192/199     4.38G   0.02914  0.005826  0.001304   0.03627       109       640    0.9404    0.9715    0.9747    0.7551   0.04255  0.007208   0.00369
   193/199     4.38G   0.02896  0.005859  0.001293   0.03611        99       640    0.9404    0.9715    0.9748     0.756    0.0425  0.007207  0.003684
   194/199     4.38G    0.0289  0.005755  0.001372   0.03603       143       640    0.9404    0.9716    0.9752     0.757   0.04246  0.007206  0.003678
   195/199     4.38G   0.02914  0.005819  0.001285   0.03624       119       640    0.9404    0.9716    0.9751    0.7574   0.04242  0.007202  0.003672
   196/199     4.38G   0.02864  0.005756  0.001281   0.03568       133       640    0.9403    0.9716    0.9752    0.7574   0.04238  0.007199  0.003666
   197/199     4.38G   0.02882  0.005838  0.001239   0.03589       105       640    0.9404    0.9716    0.9752    0.7581   0.04234  0.007197   0.00366
   198/199     4.38G   0.02906  0.005906   0.00137   0.03633       145       640    0.9449    0.9678    0.9753    0.7583    0.0423  0.007195  0.003653
   199/199     4.38G    0.0287  0.005782  0.001315   0.03579       124       640    0.9435    0.9692    0.9752    0.7591   0.04226  0.007194  0.003646
