     0/199     21.8G   0.06476   0.01185   0.01795   0.09455       120       640    0.5156    0.3071    0.1915   0.07439   0.08063    0.0124   0.01485
     1/199     21.6G   0.05644   0.01038  0.008969   0.07579       147       640     0.402    0.3915    0.3477    0.1355   0.07501   0.01208   0.01149
     2/199     21.6G   0.05516  0.009788   0.00653   0.07147       129       640    0.4241    0.4674    0.3821    0.1562   0.07423   0.01155   0.00994
     3/199     21.6G   0.05223  0.009885  0.006011   0.06812       146       640    0.3987    0.4554    0.3724    0.1422   0.07109   0.01236   0.01039
     4/199     21.6G   0.05177  0.009816  0.005986   0.06757        98       640     0.404    0.3497    0.3123     0.126   0.07676   0.01255   0.01094
     5/199     21.6G   0.04969  0.009459   0.00501   0.06416       124       640    0.5792    0.4558    0.4769    0.2076   0.08285    0.0105  0.009237
     6/199     21.6G   0.04762  0.009258  0.004205   0.06108       119       640    0.5435    0.4719    0.4688    0.2103   0.07393   0.01145  0.008154
     7/199     21.6G   0.04678  0.009333  0.003771   0.05988        94       640    0.5684     0.548    0.5378    0.2408   0.07076   0.01163  0.007576
     8/199     21.6G   0.04571  0.009267  0.003662   0.05863       140       640    0.5268    0.5846    0.5284    0.2449   0.07077   0.01137  0.007469
     9/199     21.6G   0.04431  0.009163  0.003383   0.05686       125       640    0.6321    0.5886    0.5959     0.286   0.06434   0.01142   0.00664
    10/199     21.6G    0.0434  0.009228  0.003072    0.0557       157       640    0.5775     0.656    0.6458    0.3151   0.06991   0.01101  0.006155
    11/199     21.6G   0.04306  0.009184  0.002738   0.05499       135       640    0.6137    0.6678    0.6628    0.3305   0.06276   0.01133  0.005254
    12/199     21.6G   0.04192  0.009158  0.002712   0.05379       132       640    0.6721    0.6836    0.6932     0.356   0.06019   0.01139  0.005642
    13/199     21.6G   0.04146  0.009003  0.002688   0.05315       146       640    0.6827    0.7185    0.7146    0.3684   0.05984   0.01088  0.004513
    14/199     21.6G   0.04092    0.0089  0.002458   0.05228       146       640    0.6799    0.7088    0.7155    0.3802   0.06127   0.01076  0.004406
    15/199     21.6G   0.04059  0.008914  0.002422   0.05192       119       640     0.731    0.6944    0.7556    0.4095   0.05767   0.01084  0.004245
    16/199     21.6G   0.03999  0.008922  0.002339   0.05125       140       640    0.7807    0.7219    0.7794    0.4244   0.05912   0.01022  0.004126
    17/199     21.6G   0.03902  0.008685  0.002194    0.0499       133       640    0.7549    0.7262    0.7767    0.4283   0.05801   0.01058  0.004115
    18/199     21.6G   0.03864  0.008791  0.002052   0.04948       150       640    0.7849    0.7439    0.8022    0.4479   0.05651   0.01063  0.003617
    19/199     21.6G   0.03815  0.008741  0.002131   0.04902       129       640    0.7817    0.7413    0.7944      0.44    0.0556   0.01058  0.004056
    20/199     21.6G   0.03775  0.008724  0.002142   0.04861       138       640    0.8328    0.8102    0.8529    0.4946   0.05404   0.01005   0.00363
    21/199     21.6G   0.03749   0.00865   0.00219   0.04833       113       640    0.8174    0.8108    0.8509    0.5046   0.05325   0.01013  0.003074
    22/199     21.6G   0.03668  0.008412  0.001815    0.0469       151       640    0.8481    0.8037    0.8722    0.5106   0.05293  0.009508  0.003349
    23/199     21.6G    0.0364  0.008447  0.001924   0.04677       133       640    0.8138    0.7972    0.8577    0.5088   0.05279  0.009507  0.003406
    24/199     21.6G   0.03576  0.008353  0.001945   0.04606       176       640     0.817    0.8482    0.8695    0.5182    0.0519   0.00974  0.003085
    25/199     21.6G   0.03578  0.008355  0.001752   0.04588       120       640    0.8255    0.8509    0.8799    0.5297   0.05192  0.009646  0.003045
    26/199     21.6G   0.03509  0.008143  0.001722   0.04496       115       640    0.8478     0.835    0.8921    0.5475   0.05027  0.009529  0.003175
    27/199     21.6G   0.03484  0.008267  0.001718   0.04482       149       640    0.8413    0.8561    0.8954    0.5559   0.05021  0.009557  0.002958
    28/199     21.6G   0.03414  0.008109  0.001683   0.04393        96       640    0.8569    0.8692    0.9116    0.5841   0.04815  0.009268  0.002944
    29/199     21.6G   0.03373  0.008128  0.001719   0.04357       146       640    0.8323    0.8689    0.8887     0.557   0.05047  0.009363  0.003115
    30/199     21.6G    0.0335  0.008073   0.00166   0.04323       143       640    0.8612    0.8626    0.8994    0.5717   0.04957  0.009224  0.002936
    31/199     21.6G   0.03286   0.00796  0.001572    0.0424        94       640    0.8825    0.8848    0.9182    0.5963   0.04738  0.009054  0.002822
    32/199     21.6G   0.03277  0.008009  0.001532   0.04232       114       640    0.8635    0.9056    0.9205    0.6048   0.04628    0.0089  0.002606
    33/199     21.6G   0.03245  0.007962  0.001547   0.04196       116       640    0.8625    0.8798    0.9132    0.5933   0.04694  0.009043  0.002696
    34/199     21.6G     0.032  0.007854  0.001546    0.0414       130       640    0.8916    0.9085    0.9353    0.6325   0.04612  0.008747  0.002715
    35/199     21.6G   0.03177  0.007916  0.001479   0.04116       117       640    0.8871    0.8935    0.9261    0.6285   0.04627  0.008581  0.002934
    36/199     21.6G   0.03153  0.007757  0.001479   0.04077       126       640    0.8859    0.9043    0.9355    0.6304    0.0465  0.008733  0.002662
    37/199     21.6G   0.03145  0.007594  0.001465   0.04051       146       640    0.8929    0.9087    0.9379    0.6417   0.04583  0.008726  0.002639
    38/199     21.6G   0.03094  0.007625  0.001434      0.04       137       640    0.9208    0.9046     0.942    0.6546   0.04459  0.008395   0.00269
    39/199     21.6G   0.03046  0.007576  0.001365    0.0394       134       640    0.9234    0.8938    0.9415    0.6564   0.04482  0.008562  0.002579
    40/199     21.6G   0.03009   0.00763  0.001323   0.03904       145       640    0.9298     0.907    0.9523    0.6627   0.04387  0.008308  0.002633
    41/199     21.6G   0.02997  0.007515  0.001387   0.03887       125       640    0.9365    0.8931    0.9504    0.6764   0.04287  0.008529  0.002653
    42/199     21.6G   0.02949  0.007494  0.001297   0.03828       131       640    0.9232    0.8972     0.942    0.6759   0.04243  0.008615  0.002661
    43/199     21.6G   0.02931   0.00754  0.001303   0.03815       128       640    0.9346    0.9214    0.9532    0.6908   0.04177  0.008218  0.002475
    44/199     21.6G   0.02944  0.007346  0.001321   0.03811       127       640    0.9329    0.9301    0.9602    0.7023   0.04143   0.00815  0.002474
    45/199     21.6G   0.02881  0.007252   0.00119   0.03726       121       640    0.9374    0.9438     0.967    0.6997   0.04092  0.008163   0.00253
    46/199     21.6G   0.02877  0.007325  0.001278   0.03737       144       640    0.9402    0.9344    0.9621    0.7033   0.04023  0.008254  0.002456
    47/199     21.6G   0.02863  0.007279  0.001264   0.03718       128       640    0.9516    0.9342    0.9684     0.713   0.04009   0.00819  0.002663
    48/199     21.6G   0.02805  0.007145  0.001169   0.03637       161       640    0.9478    0.9479    0.9693    0.7183   0.04021  0.008104  0.002569
    49/199     21.6G   0.02814  0.007365  0.001233   0.03674       134       640    0.9614    0.9316    0.9717    0.7273   0.03969  0.008024   0.00263
    50/199     21.6G   0.02769  0.007062  0.001278   0.03603       120       640    0.9365    0.9376    0.9666    0.7213   0.03948  0.008185   0.00256
    51/199     21.6G   0.02756  0.007116  0.001199   0.03587       119       640     0.957    0.9433    0.9671    0.7274   0.03933  0.007983  0.002546
    52/199     21.6G   0.02724  0.006944  0.001162   0.03534       178       640    0.9504    0.9522    0.9686    0.7376   0.03911   0.00785  0.002685
    53/199     21.6G   0.02733  0.007057  0.001251   0.03563       164       640    0.9467    0.9514    0.9725     0.736   0.03875  0.008006  0.002425
    54/199     21.6G   0.02674  0.006898  0.001145   0.03479       139       640    0.9457     0.949    0.9714    0.7523   0.03783  0.007833  0.002501
    55/199     21.6G   0.02658  0.007056  0.001124   0.03476       156       640    0.9592    0.9467    0.9726     0.758   0.03702  0.007813  0.002539
    56/199     21.6G   0.02662  0.006987  0.001153   0.03476       133       640    0.9508    0.9575    0.9728    0.7597   0.03729  0.007745   0.00254
    57/199     21.6G   0.02625  0.006906  0.001166   0.03433       122       640    0.9564    0.9586    0.9758    0.7608   0.03709  0.007854   0.00245
    58/199     21.6G   0.02633  0.006792  0.001175   0.03429       136       640     0.957    0.9565    0.9795    0.7645   0.03709  0.007612  0.002499
    59/199     21.6G   0.02585  0.006663   0.00106   0.03357       109       640    0.9569    0.9615    0.9783    0.7725   0.03688  0.007698  0.002463
    60/199     21.6G   0.02616  0.006683  0.001158     0.034       109       640    0.9595     0.964    0.9831    0.7768    0.0368  0.007528  0.002456
    61/199     21.6G   0.02565  0.006695  0.001161    0.0335       100       640    0.9494    0.9731    0.9775    0.7793   0.03608   0.00758  0.002429
    62/199     21.6G   0.02579  0.006775  0.001127    0.0337       135       640     0.953    0.9743    0.9802    0.7818   0.03611  0.007565  0.002533
    63/199     21.6G   0.02544  0.006743  0.001115    0.0333       149       640    0.9608    0.9664    0.9779    0.7826   0.03627  0.007526  0.002527
    64/199     21.6G   0.02541  0.006619  0.001056   0.03309       129       640    0.9646    0.9614    0.9812    0.7923   0.03572  0.007395  0.002394
    65/199     21.6G   0.02518  0.006701  0.001071   0.03296       141       640    0.9674    0.9644    0.9829    0.7905   0.03547   0.00753  0.002342
    66/199     21.6G   0.02511  0.006593  0.001026   0.03273       148       640    0.9626    0.9695    0.9813    0.7949   0.03533  0.007518  0.002371
    67/199     21.6G   0.02492  0.006532  0.001134   0.03259       127       640    0.9696    0.9633      0.98    0.7954    0.0354  0.007436  0.002369
    68/199     21.6G   0.02433  0.006489  0.001022   0.03184       144       640    0.9667    0.9664    0.9843    0.8029     0.035  0.007485   0.00243
    69/199     21.6G   0.02467  0.006554  0.001024   0.03225       130       640    0.9683    0.9684    0.9817    0.8046   0.03472  0.007468  0.002325
    70/199     21.6G   0.02429   0.00658  0.001039   0.03191       167       640     0.971    0.9614    0.9841    0.8074   0.03469   0.00738  0.002307
    71/199     21.6G   0.02434  0.006409  0.001038   0.03179       130       640    0.9639    0.9796    0.9865    0.8144   0.03416  0.007377  0.002291
    72/199     21.6G   0.02421  0.006471  0.001092   0.03177       136       640    0.9709    0.9748     0.987    0.8153   0.03397  0.007333   0.00232
    73/199     21.6G   0.02396  0.006359  0.000985    0.0313       178       640    0.9744    0.9648    0.9854    0.8241   0.03344  0.007336  0.002301
    74/199     21.6G   0.02405  0.006476  0.001007   0.03154       109       640    0.9666    0.9775    0.9869    0.8236   0.03339  0.007392  0.002305
    75/199     21.6G   0.02379  0.006406 0.0009963    0.0312       122       640    0.9685    0.9778    0.9874    0.8244    0.0332  0.007257  0.002338
    76/199     21.6G   0.02378  0.006341 0.0009352   0.03105       114       640    0.9757    0.9722    0.9856    0.8261   0.03333   0.00725  0.002291
    77/199     21.6G   0.02332  0.006225   0.00091   0.03045       122       640    0.9738     0.975    0.9863    0.8256   0.03344  0.007239  0.002293
    78/199     21.6G   0.02322  0.006322 0.0009653    0.0305       139       640      0.98     0.965    0.9875    0.8312   0.03321  0.007223  0.002303
    79/199     21.6G   0.02314  0.006289 0.0009585   0.03039       105       640    0.9722    0.9775    0.9875    0.8341   0.03293  0.007266  0.002288
    80/199     21.6G   0.02332  0.006349 0.0009349    0.0306       165       640    0.9699    0.9757    0.9878     0.837    0.0326  0.007287  0.002253
    81/199     21.6G   0.02278  0.006042 0.0009071   0.02973       141       640    0.9738    0.9701    0.9875    0.8378   0.03228  0.007342  0.002243
    82/199     21.6G   0.02303  0.006152 0.0009819   0.03016       103       640    0.9749     0.974    0.9865    0.8396   0.03203  0.007318  0.002226
    83/199     21.6G   0.02269  0.006201 0.0008833   0.02977       116       640    0.9702    0.9785    0.9856    0.8416   0.03212  0.007298  0.002208
    84/199     21.6G   0.02289  0.006226 0.0009362   0.03005       113       640    0.9749     0.974     0.987     0.843   0.03203  0.007309  0.002229
    85/199     21.6G    0.0225  0.005993 0.0008752   0.02937       132       640    0.9792    0.9733    0.9866    0.8425   0.03196  0.007306  0.002249
    86/199     21.6G   0.02266  0.006057 0.0009529   0.02967       102       640    0.9765    0.9781    0.9878    0.8438   0.03178  0.007336  0.002252
    87/199     21.6G   0.02265  0.006047 0.0009297   0.02963       124       640    0.9779    0.9772    0.9892    0.8487   0.03168  0.007308   0.00224
    88/199     21.6G   0.02251  0.006027 0.0009346   0.02947        99       640    0.9819     0.973    0.9894    0.8521   0.03166  0.007285  0.002213
    89/199     21.6G    0.0221  0.006053 0.0008782   0.02904       136       640    0.9782    0.9754    0.9895    0.8548   0.03153  0.007248  0.002215
    90/199     21.6G   0.02207  0.005997 0.0008316    0.0289       164       640    0.9792    0.9743    0.9896    0.8569   0.03157  0.007244  0.002215
    91/199     21.6G   0.02188  0.005851   0.00089   0.02862       116       640     0.976    0.9743    0.9894    0.8592   0.03159  0.007227  0.002208
    92/199     21.6G   0.02165    0.0059 0.0008414   0.02839       101       640    0.9694    0.9853    0.9898    0.8605   0.03148  0.007227  0.002192
    93/199     21.6G    0.0214  0.005794 0.0008021   0.02799       100       640    0.9764    0.9779      0.99    0.8608   0.03143   0.00724  0.002194
    94/199     21.6G   0.02147  0.005835 0.0008374   0.02814       143       640    0.9758    0.9806    0.9904    0.8613   0.03132  0.007205  0.002188
    95/199     21.6G   0.02136  0.005828  0.000839   0.02802       143       640     0.974    0.9821    0.9898    0.8647   0.03122  0.007196  0.002179
    96/199     21.6G   0.02153  0.005844 0.0008554   0.02823       110       640    0.9821    0.9752    0.9907    0.8656   0.03105  0.007179  0.002174
    97/199     21.6G   0.02135  0.005886 0.0008574   0.02809       117       640    0.9736    0.9839    0.9907    0.8671   0.03091  0.007197  0.002165
    98/199     21.6G   0.02109  0.005808 0.0008217   0.02772       119       640     0.972    0.9856    0.9906    0.8699   0.03071  0.007231  0.002155
    99/199     21.6G   0.02095  0.005734 0.0007947   0.02748       128       640    0.9756    0.9829    0.9921    0.8709   0.03055  0.007252  0.002152
   100/199     21.6G   0.02107  0.005809 0.0008281   0.02771       147       640    0.9821    0.9754    0.9905    0.8729   0.03044  0.007225  0.002152
   101/199     21.6G   0.02091  0.005797  0.000812   0.02752       163       640    0.9814    0.9775     0.992    0.8747   0.03032  0.007218  0.002157
   102/199     21.6G   0.02101   0.00575  0.000863   0.02762       115       640    0.9695    0.9895    0.9906    0.8761   0.03011  0.007216  0.002155
   103/199     21.6G   0.02093  0.005821 0.0008095   0.02756       135       640    0.9704    0.9896    0.9907    0.8777   0.02997  0.007215  0.002152
   104/199     21.6G   0.02068  0.005675 0.0007976   0.02715       120       640     0.972    0.9886    0.9916    0.8791   0.02998  0.007186  0.002151
   105/199     21.6G   0.02039  0.005577 0.0008062   0.02678       136       640    0.9739    0.9888    0.9912    0.8794   0.02996  0.007171  0.002155
   106/199     21.6G   0.02024  0.005568 0.0007741   0.02658       122       640    0.9715    0.9904    0.9912    0.8799   0.02995  0.007158  0.002158
   107/199     21.6G   0.02025  0.005561 0.0007869    0.0266       127       640    0.9758    0.9863    0.9911      0.88   0.02993  0.007145  0.002164
   108/199     21.6G   0.02023  0.005555 0.0008387   0.02662       122       640    0.9751    0.9874    0.9906    0.8808   0.02993  0.007121  0.002167
   109/199     21.6G   0.02014  0.005533 0.0007372   0.02641       105       640    0.9755    0.9866    0.9905    0.8802   0.02987  0.007118  0.002165
   110/199     21.6G   0.01999  0.005584 0.0007552   0.02633       122       640    0.9765     0.986    0.9906    0.8825   0.02978   0.00712  0.002165
   111/199     21.6G    0.0199  0.005457 0.0007892   0.02614       116       640    0.9766    0.9867    0.9913    0.8842   0.02971  0.007129  0.002158
   112/199     21.6G   0.01988  0.005528 0.0007436   0.02615       148       640    0.9758    0.9878    0.9915    0.8851   0.02969  0.007114  0.002155
   113/199     21.6G   0.01979   0.00554  0.000795   0.02613       158       640    0.9761    0.9886    0.9919    0.8857   0.02965  0.007107  0.002153
   114/199     21.6G   0.01973   0.00542 0.0007072   0.02586       144       640     0.977    0.9874    0.9919    0.8865    0.0296  0.007107  0.002147
   115/199     21.6G   0.01949  0.005412 0.0007178   0.02562       137       640    0.9771    0.9867    0.9921    0.8877   0.02953  0.007112  0.002142
   116/199     21.6G   0.01953  0.005339 0.0007495   0.02562       115       640    0.9785    0.9867    0.9921    0.8888   0.02947  0.007108  0.002135
   117/199     21.6G   0.01919   0.00542 0.0007214   0.02533       138       640    0.9785    0.9866    0.9922    0.8898   0.02942  0.007103   0.00213
   118/199     21.6G   0.01903  0.005334 0.0007132   0.02508       178       640     0.977    0.9876    0.9923    0.8903   0.02938  0.007099  0.002125
   119/199     21.6G   0.01928  0.005342  0.000747   0.02537       130       640     0.976    0.9896    0.9926    0.8927   0.02931  0.007095  0.002119
   120/199     21.6G   0.01917  0.005348 0.0007459   0.02527       123       640    0.9762    0.9895    0.9929    0.8945   0.02927  0.007094  0.002112
   121/199     21.6G   0.01897  0.005225 0.0007109   0.02491       133       640    0.9763    0.9894     0.993    0.8944   0.02924  0.007094  0.002106
   122/199     21.6G   0.01914  0.005334 0.0007466   0.02522       184       640    0.9763    0.9894    0.9932     0.896   0.02923  0.007097  0.002102
   123/199     21.6G   0.01865  0.005232 0.0007054   0.02459       118       640    0.9763    0.9894    0.9932    0.8949    0.0292  0.007101  0.002098
   124/199     21.6G   0.01859  0.005283 0.0007168   0.02459       113       640    0.9764    0.9893    0.9933    0.8973   0.02917  0.007106  0.002092
   125/199     21.6G   0.01846  0.005183 0.0006777   0.02432       146       640    0.9763    0.9894    0.9934    0.8984   0.02913  0.007109  0.002089
   126/199     21.6G   0.01846  0.005197 0.0006738   0.02433       146       640    0.9753    0.9906    0.9933    0.8991    0.0291  0.007119  0.002084
   127/199     21.6G   0.01813  0.005271 0.0006714   0.02407       161       640    0.9745    0.9916    0.9933    0.8985   0.02906  0.007125  0.002081
   128/199     21.6G   0.01827   0.00519 0.0006738   0.02414       139       640    0.9746    0.9916    0.9934    0.9001   0.02902  0.007128  0.002074
   129/199     21.6G   0.01829  0.005225 0.0006565   0.02417       150       640    0.9806    0.9859    0.9934    0.9004   0.02898  0.007136   0.00207
   130/199     21.6G   0.01803  0.005048   0.00065   0.02373       155       640    0.9807    0.9863    0.9934    0.9005   0.02895  0.007148  0.002067
   131/199     21.6G   0.01783   0.00507 0.0006087   0.02351       123       640    0.9808    0.9867    0.9936    0.9013   0.02893  0.007156  0.002063
   132/199     21.6G   0.01795  0.005206 0.0006361   0.02379       144       640    0.9808    0.9867    0.9938    0.9019    0.0289  0.007168  0.002059
   133/199     21.6G   0.01778  0.005085 0.0006489   0.02352       154       640    0.9807    0.9864    0.9939    0.9027   0.02887  0.007173  0.002055
   134/199     21.6G   0.01779  0.004983 0.0006098   0.02338       121       640    0.9805    0.9871     0.994    0.9025   0.02885  0.007176  0.002051
   135/199     21.6G   0.01772  0.004962 0.0005876   0.02327       154       640    0.9804    0.9869     0.994    0.9021   0.02882  0.007183  0.002047
   136/199     21.6G    0.0178  0.005061  0.000628   0.02349       157       640    0.9816    0.9862    0.9941    0.9028   0.02878  0.007187  0.002043
   137/199     21.6G   0.01762  0.004973 0.0006838   0.02328       130       640    0.9816    0.9862    0.9941    0.9039   0.02875   0.00719  0.002038
   138/199     21.6G   0.01738  0.005013 0.0005953   0.02298       149       640    0.9811    0.9868    0.9942    0.9047   0.02872  0.007194  0.002035
   139/199     21.6G   0.01755  0.005069 0.0006493   0.02327       147       640    0.9811     0.987    0.9942    0.9047    0.0287  0.007197  0.002031
   140/199     21.6G    0.0172   0.00489 0.0006241   0.02271       138       640    0.9815    0.9861    0.9942    0.9051   0.02868  0.007201  0.002028
   141/199     21.6G   0.01698  0.004783 0.0005916   0.02236       149       640    0.9825    0.9856    0.9943    0.9055   0.02867  0.007202  0.002025
   142/199     21.6G   0.01735  0.004944 0.0006322   0.02292       125       640    0.9799    0.9882    0.9943    0.9058   0.02865  0.007204  0.002021
   143/199     21.6G   0.01705  0.004815 0.0006424   0.02251       141       640    0.9797    0.9882    0.9944     0.906   0.02863  0.007205  0.002017
   144/199     21.6G    0.0169  0.004851 0.0005738   0.02232       130       640    0.9839     0.984    0.9944    0.9067   0.02861  0.007207  0.002014
   145/199     21.6G   0.01709  0.004852 0.0006114   0.02256       114       640    0.9848    0.9835    0.9944     0.908   0.02859  0.007216  0.002013
   146/199     21.6G   0.01697  0.004775 0.0005838   0.02233       130       640    0.9849    0.9833    0.9945    0.9082   0.02857  0.007223   0.00201
   147/199     21.6G    0.0169  0.004889 0.0006323   0.02242       166       640    0.9851    0.9834    0.9945    0.9089   0.02855  0.007232  0.002007
   148/199     21.6G   0.01686  0.004801 0.0005739   0.02223       142       640    0.9858    0.9841    0.9946    0.9088   0.02853  0.007236  0.002004
   149/199     21.6G   0.01669  0.004762 0.0006248   0.02208       134       640    0.9858    0.9843    0.9945    0.9094   0.02852  0.007242  0.002002
   150/199     21.6G   0.01644  0.004659 0.0005506   0.02165       125       640    0.9858    0.9843    0.9946    0.9101    0.0285   0.00725  0.001999
   151/199     21.6G   0.01653  0.004765   0.00059   0.02189       114       640    0.9858    0.9841    0.9946    0.9098   0.02848  0.007258  0.001996
   152/199     21.6G   0.01653  0.004745 0.0005801   0.02186       137       640    0.9847    0.9841    0.9946    0.9106   0.02847  0.007264  0.001993
   153/199     21.6G   0.01658  0.004783  0.000601   0.02197       187       640    0.9847     0.984    0.9946    0.9108   0.02845  0.007269   0.00199
   154/199     21.6G   0.01636  0.004734  0.000585   0.02168       100       640    0.9858    0.9826    0.9947    0.9119   0.02843  0.007272  0.001988
   155/199     21.6G   0.01626  0.004676 0.0005337   0.02147       127       640    0.9823    0.9866    0.9947    0.9123   0.02841  0.007276  0.001986
   156/199     21.6G   0.01606  0.004653 0.0005269   0.02124       189       640    0.9822    0.9865    0.9947    0.9124    0.0284   0.00728  0.001984
   157/199     21.6G   0.01617  0.004561 0.0005234   0.02126       137       640     0.984    0.9842    0.9947    0.9132   0.02838  0.007286  0.001981
   158/199     21.6G   0.01613  0.004635 0.0005477   0.02131       137       640     0.984    0.9843    0.9947    0.9132   0.02836  0.007291  0.001978
   159/199     21.6G   0.01604  0.004597 0.0005404   0.02118       151       640    0.9778    0.9907    0.9947    0.9134   0.02834  0.007295  0.001976
   160/199     21.6G   0.01602  0.004633 0.0005586   0.02122       103       640    0.9839    0.9845    0.9947     0.913   0.02832    0.0073  0.001972
   161/199     21.6G   0.01565  0.004527 0.0005336   0.02071       144       640    0.9822    0.9868    0.9948    0.9134    0.0283  0.007305  0.001969
   162/199     21.6G   0.01584  0.004482  0.000526   0.02084       129       640     0.984    0.9848    0.9948    0.9136   0.02828  0.007308  0.001966
   163/199     21.6G    0.0156  0.004599 0.0005131   0.02071       134       640     0.981    0.9882    0.9948    0.9134   0.02827  0.007311  0.001962
   164/199     21.6G   0.01594  0.004639 0.0006169    0.0212       140       640     0.984    0.9851    0.9948    0.9133   0.02825  0.007314  0.001959
   165/199     21.6G   0.01575    0.0045 0.0005152   0.02076       158       640    0.9784    0.9912    0.9949    0.9141   0.02823  0.007318  0.001956
   166/199     21.6G   0.01548  0.004457 0.0005285   0.02047       142       640    0.9841    0.9856    0.9949    0.9141   0.02822  0.007321  0.001953
   167/199     21.6G   0.01558   0.00453 0.0005264   0.02063       133       640    0.9841    0.9856    0.9949    0.9139   0.02821  0.007325   0.00195
   168/199     21.6G   0.01549  0.004486 0.0005109   0.02049       115       640    0.9771    0.9922    0.9949     0.914    0.0282  0.007328  0.001948
   169/199     21.6G    0.0153  0.004485 0.0005217   0.02031       156       640    0.9841    0.9857    0.9949    0.9138   0.02819  0.007333  0.001945
   170/199     21.6G   0.01527  0.004383 0.0004917   0.02015       139       640    0.9771    0.9929    0.9949    0.9141   0.02818  0.007336  0.001942
   171/199     21.6G   0.01543  0.004457 0.0005393   0.02042       125       640    0.9818     0.989    0.9949     0.915   0.02817  0.007341  0.001939
   172/199     21.6G   0.01533  0.004424 0.0005196   0.02028       152       640    0.9818    0.9891    0.9949    0.9151   0.02816  0.007345  0.001936
   173/199     21.6G   0.01522  0.004408 0.0005066   0.02014       147       640    0.9818    0.9892    0.9949    0.9156   0.02814  0.007349  0.001933
   174/199     21.6G   0.01507  0.004384  0.000505   0.01996       112       640    0.9819    0.9893    0.9949    0.9157   0.02813  0.007353  0.001929
   175/199     21.6G   0.01512  0.004373 0.0004937   0.01998       120       640    0.9819    0.9893    0.9949    0.9162   0.02812  0.007357  0.001926
   176/199     21.6G   0.01492  0.004376 0.0004923   0.01979       141       640     0.982    0.9891    0.9949    0.9164    0.0281  0.007363  0.001923
   177/199     21.6G     0.015  0.004344 0.0004769   0.01982       166       640    0.9827    0.9888    0.9949    0.9164   0.02809  0.007366   0.00192
   178/199     21.6G   0.01505  0.004412 0.0005029   0.01996       133       640    0.9828    0.9889     0.995    0.9168   0.02807   0.00737  0.001917
   179/199     21.6G   0.01494  0.004396 0.0004886   0.01982       120       640    0.9818    0.9893     0.995    0.9175   0.02806  0.007374  0.001914
   180/199     21.6G   0.01458  0.004225 0.0004305   0.01923       151       640    0.9821    0.9892     0.995    0.9175   0.02805  0.007376  0.001911
   181/199     21.6G   0.01483  0.004312 0.0005098   0.01965       118       640     0.982    0.9893     0.995     0.918   0.02803  0.007378  0.001908
   182/199     21.6G   0.01482  0.004326 0.0005011   0.01965       123       640     0.982    0.9893     0.995    0.9176   0.02802  0.007382  0.001905
   183/199     21.6G   0.01497  0.004356 0.0005009   0.01982       135       640    0.9843    0.9872     0.995    0.9178     0.028  0.007387  0.001902
   184/199     21.6G   0.01479  0.004305 0.0005086    0.0196       138       640    0.9842    0.9875     0.995    0.9178   0.02799  0.007391  0.001899
   185/199     21.6G   0.01484  0.004353 0.0004851   0.01968       154       640    0.9847     0.987    0.9951    0.9181   0.02797  0.007393  0.001896
   186/199     21.6G   0.01479  0.004277 0.0004675   0.01954       114       640    0.9847    0.9871    0.9951    0.9189   0.02796  0.007394  0.001894
   187/199     21.6G   0.01446  0.004201 0.0004563   0.01912       129       640    0.9847     0.987    0.9951     0.919   0.02794  0.007399  0.001891
   188/199     21.6G   0.01475  0.004313 0.0004932   0.01955       129       640    0.9847    0.9869    0.9951    0.9191   0.02793  0.007403  0.001888
   189/199     21.6G   0.01436  0.004243 0.0004427   0.01905       126       640    0.9847    0.9871    0.9951    0.9193   0.02791  0.007408  0.001885
   190/199     21.6G   0.01438   0.00423 0.0004735   0.01909       128       640    0.9847    0.9871    0.9951    0.9194    0.0279  0.007413  0.001882
   191/199     21.6G   0.01454  0.004269 0.0004693   0.01927       161       640    0.9847     0.987    0.9951    0.9195   0.02788  0.007419  0.001879
   192/199     21.6G   0.01436  0.004204 0.0004459   0.01901       148       640    0.9847    0.9869    0.9951    0.9193   0.02786  0.007425  0.001876
   193/199     21.6G   0.01462   0.00419 0.0004595   0.01927       130       640    0.9846    0.9869    0.9951      0.92   0.02785  0.007429  0.001874
   194/199     21.6G   0.01452  0.004266  0.000481   0.01927       158       640    0.9846    0.9869    0.9951    0.9211   0.02784  0.007433  0.001871
   195/199     21.6G   0.01449  0.004171 0.0005003   0.01917       164       640    0.9854    0.9863    0.9952    0.9211   0.02782  0.007438  0.001868
   196/199     21.6G   0.01426   0.00415  0.000446   0.01886       117       640    0.9855    0.9868    0.9952    0.9211   0.02781  0.007442  0.001865
   197/199     21.6G   0.01429  0.004162 0.0004737   0.01893        94       640    0.9857    0.9867    0.9952    0.9216   0.02779  0.007444  0.001862
   198/199     21.6G   0.01426  0.004139 0.0004738   0.01887       168       640    0.9857    0.9868    0.9952     0.921   0.02778  0.007448  0.001859
   199/199     21.6G   0.01416  0.004138 0.0004953    0.0188       113       640    0.9859    0.9867    0.9952    0.9218   0.02777  0.007454  0.001856
