     0/199     21.8G   0.06456   0.01198   0.01989   0.09643       120       640    0.5462    0.2898    0.1977   0.07056    0.0797    0.0124   0.01734
     1/199     21.6G     0.056   0.01039   0.01309   0.07948       138       640    0.4826    0.3628    0.3633    0.1403   0.07469   0.01218   0.01444
     2/199     21.6G    0.0537  0.009842   0.01097   0.07451       116       640    0.5152    0.4196    0.4107    0.1736   0.06868   0.01275   0.01365
     3/199     21.6G   0.05112   0.01002   0.01045   0.07159       150       640      0.41     0.453    0.3646    0.1524   0.07514   0.01221   0.01405
     4/199     21.6G   0.05037   0.00967   0.01049   0.07054       102       640    0.4753    0.4798     0.438    0.1844   0.07805    0.0109   0.01298
     5/199     21.6G   0.04882  0.009507    0.0101   0.06843       132       640    0.5795    0.5008    0.5133     0.227   0.07985   0.01021   0.01263
     6/199     21.6G   0.04686  0.009246   0.00957   0.06567       101       640    0.6325    0.5184    0.5519    0.2493   0.06739   0.01194    0.0127
     7/199     21.6G    0.0455  0.009188  0.009226   0.06391        93       640    0.5815    0.5666    0.5689    0.2659   0.07056   0.01123   0.01226
     8/199     21.6G   0.04504  0.009075  0.009212   0.06333       135       640    0.6103    0.6318    0.6244    0.2877   0.06768   0.01123   0.01126
     9/199     21.6G   0.04369  0.009314   0.00896   0.06197       133       640    0.7143     0.606    0.6737    0.3356    0.0668   0.01123   0.01084
    10/199     21.6G   0.04313  0.009244  0.008829    0.0612       155       640    0.7432      0.62    0.6944     0.346   0.07008   0.01053   0.01081
    11/199     21.6G   0.04145  0.009141  0.008586   0.05917       124       640    0.7194    0.6482    0.7082     0.366   0.06371   0.01093   0.01074
    12/199     21.6G    0.0416  0.009173  0.008572   0.05935       140       640    0.7019    0.6636    0.6902    0.3561   0.06789   0.01078   0.01056
    13/199     21.6G   0.04065  0.008815  0.008472   0.05793       140       640    0.7661    0.7121     0.772    0.4046   0.06634   0.01031      0.01
    14/199     21.6G   0.04007  0.008913  0.008445   0.05742       142       640    0.7251    0.7067    0.7391    0.3863   0.06263   0.01033  0.009843
    15/199     21.6G   0.03934   0.00885  0.008414   0.05661       120       640    0.7623    0.7217    0.7686    0.4199   0.06146   0.01055  0.009451
    16/199     21.6G   0.03902   0.00881   0.00829   0.05612       132       640    0.7719     0.771    0.8037    0.4476   0.05508   0.01064  0.009348
    17/199     21.6G   0.03801  0.008923  0.008256   0.05519       129       640    0.7633    0.7518    0.7906    0.4504   0.05462   0.01091  0.009024
    18/199     21.6G    0.0375  0.008841  0.008222   0.05456       143       640    0.8156    0.7699    0.8236    0.4708   0.05426   0.01066  0.008554
    19/199     21.6G   0.03708  0.008704  0.008223   0.05401       123       640    0.8346    0.7596    0.8283     0.462    0.0543   0.01082   0.00838
    20/199     21.6G   0.03634  0.008571  0.008184    0.0531       136       640    0.8032    0.8257     0.856    0.4965   0.05127   0.01055  0.008171
    21/199     21.6G   0.03637  0.008629  0.008143   0.05314       128       640    0.8227    0.8221    0.8613    0.5099   0.05176   0.01068  0.007956
    22/199     21.6G    0.0357  0.008683  0.008026   0.05241       137       640    0.8251    0.8329    0.8671    0.5352   0.04948   0.01026  0.007882
    23/199     21.6G   0.03558   0.00851   0.00805   0.05214       141       640    0.8594    0.8179    0.8616    0.5263   0.04907   0.01066  0.007883
    24/199     21.6G   0.03501  0.008481  0.008036   0.05153       166       640    0.8468    0.8334    0.8783    0.5356   0.04845   0.01047   0.00779
    25/199     21.6G   0.03461  0.008375  0.007928   0.05092       133       640    0.8719    0.8532    0.8918    0.5641   0.04402   0.01059  0.007528
    26/199     21.6G   0.03407  0.008277  0.007881   0.05023       103       640    0.8931    0.8035    0.8771    0.5463   0.04458   0.01087  0.007624
    27/199     21.6G   0.03347  0.008245  0.007848   0.04957       126       640     0.892    0.8495    0.9047    0.5783   0.04347   0.01051  0.007359
    28/199     21.6G   0.03365  0.008168  0.007976    0.0498       100       640    0.8845    0.8753    0.9109    0.5949   0.04082   0.01043  0.007382
    29/199     21.6G   0.03291  0.008271  0.007777   0.04896       135       640    0.8819    0.8547    0.8989    0.5799   0.04262   0.01042  0.007434
    30/199     21.6G   0.03253  0.008184  0.007826   0.04854       135       640    0.8795    0.8578     0.905    0.5911   0.04101   0.01044  0.007363
    31/199     21.6G   0.03193  0.008103  0.007761   0.04779       108       640    0.8885    0.8684    0.9133    0.6091   0.03918   0.01055   0.00718
    32/199     21.6G    0.0318  0.008125  0.007762   0.04769       109       640    0.9131    0.9011    0.9288    0.6223   0.03759   0.01053  0.007202
    33/199     21.6G   0.03138  0.008017  0.007732   0.04713       109       640    0.9148    0.9013     0.936    0.6412   0.03833   0.01027  0.007202
    34/199     21.6G   0.03147  0.007939  0.007765   0.04717       128       640    0.9108    0.9099    0.9378    0.6441   0.03714   0.01016  0.007269
    35/199     21.6G   0.03059   0.00791  0.007722   0.04622       124       640    0.9084     0.903    0.9421     0.655    0.0365   0.01025  0.007135
    36/199     21.6G   0.03054  0.007843  0.007755   0.04614       121       640    0.9206    0.8829    0.9334    0.6475   0.03622   0.01025  0.007192
    37/199     21.6G   0.03022    0.0078  0.007689   0.04571       143       640    0.9238    0.9077    0.9436    0.6651   0.03576   0.01017    0.0072
    38/199     21.6G   0.03005  0.007678  0.007713   0.04544       149       640    0.9149    0.9164    0.9428    0.6684   0.03536   0.01021  0.007113
    39/199     21.6G   0.02972  0.007702  0.007678    0.0451       149       640    0.9466    0.9073      0.95    0.6838   0.03475    0.0098  0.007077
    40/199     21.6G   0.02931  0.007713  0.007629   0.04465       151       640    0.9267    0.9236    0.9487    0.6785   0.03482   0.01024  0.007165
    41/199     21.6G   0.02919  0.007601  0.007642   0.04443       122       640    0.9468    0.9153    0.9512    0.6907   0.03352   0.01012  0.007101
    42/199     21.6G   0.02903  0.007502  0.007559   0.04409       134       640    0.9405    0.9155    0.9506    0.6899   0.03248   0.01036  0.007152
    43/199     21.6G    0.0287  0.007571  0.007636   0.04391       112       640    0.9395    0.9282    0.9546    0.6971   0.03295   0.01006  0.007151
    44/199     21.6G   0.02874  0.007422  0.007606   0.04377       129       640    0.9229    0.9449    0.9598    0.7058   0.03238  0.009957  0.007256
    45/199     21.6G   0.02806   0.00732  0.007608   0.04299       122       640    0.9536    0.9241    0.9579    0.7059   0.03119    0.0103  0.007147
    46/199     21.6G     0.028  0.007325  0.007583   0.04291       131       640    0.9474    0.9362    0.9607    0.7187   0.02992   0.01027  0.007106
    47/199     21.6G   0.02794  0.007239  0.007629   0.04281       121       640    0.9529    0.9399    0.9633     0.727   0.03006   0.01005   0.00708
    48/199     21.6G   0.02738  0.007252  0.007596   0.04223       147       640    0.9362    0.9484    0.9637    0.7269   0.02968    0.0101  0.006993
    49/199     21.6G   0.02765  0.007379  0.007611   0.04264       126       640    0.9428    0.9505    0.9713    0.7343   0.02891   0.01012  0.007062
    50/199     21.6G   0.02724  0.007214  0.007609   0.04206       126       640    0.9432    0.9542    0.9697    0.7396   0.02942    0.0101  0.007142
    51/199     21.6G   0.02699   0.00708  0.007566   0.04164       120       640    0.9584    0.9503     0.968    0.7393    0.0287  0.009963  0.007032
    52/199     21.6G   0.02678  0.007014  0.007553   0.04134       167       640    0.9535    0.9522    0.9737    0.7524   0.02827  0.009993  0.007047
    53/199     21.6G    0.0267  0.007157  0.007548   0.04141       175       640    0.9652    0.9423    0.9727    0.7527   0.02911   0.01002  0.007096
    54/199     21.6G   0.02621  0.006977  0.007534   0.04072       144       640    0.9428    0.9665    0.9761    0.7617   0.02932   0.01016  0.007141
    55/199     21.6G   0.02615  0.006954  0.007519   0.04062       139       640    0.9664    0.9573    0.9776    0.7652   0.02922   0.01007  0.007163
    56/199     21.6G    0.0263  0.007022  0.007548   0.04087       119       640    0.9664    0.9539    0.9758      0.77   0.02919   0.01009  0.007059
    57/199     21.6G   0.02587  0.006931  0.007508    0.0403       115       640    0.9552    0.9639    0.9757    0.7728   0.02866   0.01024  0.007059
    58/199     21.6G    0.0259  0.006831  0.007466   0.04019       134       640     0.952    0.9728    0.9745    0.7725   0.02788   0.01045  0.007073
    59/199     21.6G   0.02552  0.006784  0.007464   0.03977       107       640    0.9692    0.9657    0.9806    0.7775   0.02795    0.0103  0.007081
    60/199     21.6G   0.02563  0.006849  0.007537   0.04002       112       640    0.9627    0.9723    0.9812    0.7828   0.02769   0.01035  0.007018
    61/199     21.6G   0.02554  0.006724  0.007446   0.03971       108       640    0.9626    0.9754    0.9862    0.7892   0.02715   0.01042  0.007105
    62/199     21.6G   0.02538  0.006771  0.007464   0.03962       145       640    0.9606    0.9737    0.9835    0.7931   0.02722   0.01053  0.007082
    63/199     21.6G    0.0249  0.006785  0.007426   0.03911       143       640    0.9657    0.9756    0.9845    0.7994   0.02732   0.01038  0.007108
    64/199     21.6G   0.02474  0.006561  0.007474   0.03877       130       640    0.9652    0.9709    0.9802    0.7937   0.02734   0.01023  0.007051
    65/199     21.6G    0.0249  0.006606  0.007492   0.03899       155       640    0.9608    0.9789     0.984    0.7972   0.02637    0.0106  0.007035
    66/199     21.6G   0.02491  0.006588  0.007484   0.03899       154       640    0.9653    0.9767    0.9852    0.8086   0.02641   0.01039  0.007084
    67/199     21.6G   0.02471   0.00661  0.007474    0.0388       132       640    0.9624    0.9805    0.9829    0.8055   0.02638   0.01048  0.007021
    68/199     21.6G   0.02434  0.006458  0.007471   0.03827       146       640    0.9702     0.975    0.9839    0.8122   0.02543   0.01055  0.007026
    69/199     21.6G    0.0245  0.006553  0.007458   0.03852       140       640    0.9704    0.9763    0.9843    0.8172   0.02549   0.01039  0.007007
    70/199     21.6G   0.02421  0.006617  0.007428   0.03825       162       640    0.9701    0.9677     0.984    0.8195    0.0252    0.0104  0.007028
    71/199     21.6G   0.02396  0.006408  0.007429    0.0378       133       640    0.9703    0.9726    0.9812    0.8176   0.02487   0.01058  0.007012
    72/199     21.6G   0.02369  0.006396  0.007393   0.03748       137       640    0.9724    0.9768    0.9853    0.8193   0.02425   0.01057   0.00701
    73/199     21.6G   0.02357  0.006255  0.007419   0.03725       170       640    0.9705    0.9774    0.9862    0.8208   0.02537   0.01041  0.007021
    74/199     21.6G   0.02373  0.006362  0.007369   0.03746       107       640    0.9686    0.9841    0.9861    0.8251    0.0255   0.01045  0.007041
    75/199     21.6G   0.02362  0.006347  0.007407   0.03737       119       640    0.9696    0.9813    0.9862    0.8297   0.02515   0.01036  0.007019
    76/199     21.6G   0.02364   0.00638  0.007441   0.03746       105       640    0.9724    0.9808    0.9885    0.8335    0.0253   0.01044  0.007013
    77/199     21.6G    0.0232  0.006119  0.007388   0.03671       134       640    0.9739    0.9852    0.9867     0.835    0.0249   0.01042  0.007045
    78/199     21.6G   0.02321  0.006285   0.00739   0.03689       119       640    0.9698    0.9848    0.9861    0.8363   0.02515   0.01045  0.007069
    79/199     21.6G   0.02313  0.006235  0.007362   0.03672       113       640    0.9686    0.9822    0.9862    0.8332   0.02518   0.01062  0.007055
    80/199     21.6G   0.02286  0.006254  0.007371   0.03649       185       640    0.9706    0.9864    0.9884    0.8357    0.0252    0.0107  0.007047
    81/199     21.6G   0.02266  0.006053  0.007363   0.03608       146       640    0.9733    0.9858    0.9888    0.8384   0.02497   0.01058  0.007026
    82/199     21.6G   0.02276  0.006141  0.007395    0.0363       103       640    0.9738    0.9854    0.9892    0.8414   0.02489   0.01052   0.00705
    83/199     21.6G   0.02248   0.00614   0.00735   0.03597       108       640    0.9759    0.9844    0.9889     0.845   0.02465   0.01049   0.00703
    84/199     21.6G   0.02267    0.0061  0.007351   0.03613       116       640    0.9759     0.983    0.9888    0.8455   0.02463   0.01055  0.007011
    85/199     21.6G   0.02239  0.006026  0.007361   0.03578       143       640    0.9764    0.9806    0.9883    0.8498   0.02452   0.01059  0.007003
    86/199     21.6G   0.02254  0.005996  0.007391   0.03593       101       640    0.9727    0.9874    0.9891    0.8491    0.0241   0.01061  0.006979
    87/199     21.6G    0.0221  0.005907  0.007347   0.03536       113       640    0.9749    0.9823    0.9898    0.8517   0.02366   0.01067  0.006966
    88/199     21.6G   0.02215  0.005978  0.007333   0.03546       125       640    0.9736     0.986      0.99    0.8514   0.02359   0.01063  0.006966
    89/199     21.6G   0.02163  0.005968   0.00732   0.03492       146       640    0.9753    0.9846    0.9897    0.8548   0.02323   0.01068  0.006966
    90/199     21.6G   0.02167  0.005966  0.007301   0.03494       152       640    0.9816    0.9822      0.99    0.8555   0.02327    0.0107  0.006987
    91/199     21.6G   0.02189  0.005868  0.007373   0.03513       108       640    0.9773    0.9867    0.9903     0.859   0.02328   0.01075     0.007
    92/199     21.6G   0.02155  0.005909  0.007318   0.03478       106       640    0.9776    0.9849    0.9905    0.8582   0.02327   0.01074   0.00701
    93/199     21.6G   0.02159  0.005802  0.007353   0.03475       108       640    0.9766    0.9855    0.9903    0.8609   0.02325   0.01076  0.007008
    94/199     21.6G   0.02129  0.005808  0.007322   0.03442       153       640    0.9774    0.9861    0.9899    0.8627   0.02321   0.01069  0.007004
    95/199     21.6G   0.02125  0.005724  0.007354   0.03432       138       640    0.9765    0.9855    0.9902    0.8652   0.02314   0.01074  0.007007
    96/199     21.6G   0.02159  0.005789  0.007338   0.03471       112       640    0.9695    0.9915    0.9904    0.8674   0.02315   0.01078  0.007012
    97/199     21.6G   0.02112  0.005858  0.007316    0.0343       110       640    0.9738    0.9854    0.9906    0.8716   0.02294    0.0108  0.007018
    98/199     21.6G   0.02098  0.005731  0.007307   0.03402       101       640    0.9762    0.9851    0.9906    0.8721   0.02295   0.01079  0.007014
    99/199     21.6G   0.02086  0.005796  0.007307   0.03397       125       640    0.9728    0.9854    0.9905    0.8749   0.02287   0.01079  0.007018
   100/199     21.6G   0.02102  0.005742   0.00731   0.03407       138       640    0.9754    0.9882    0.9906    0.8763   0.02267   0.01082  0.007021
   101/199     21.6G   0.02079  0.005716  0.007294    0.0338       172       640    0.9762     0.988    0.9906     0.876    0.0225   0.01082  0.007009
   102/199     21.6G   0.02085  0.005729  0.007324    0.0339       116       640    0.9804    0.9844    0.9908    0.8771   0.02247   0.01085  0.007005
   103/199     21.6G   0.02096  0.005663  0.007337   0.03396       135       640     0.979    0.9861    0.9908     0.881   0.02241    0.0109  0.007003
   104/199     21.6G   0.02063  0.005543   0.00731   0.03349       122       640    0.9833    0.9839    0.9908    0.8795   0.02242   0.01092  0.007001
   105/199     21.6G   0.02032  0.005577  0.007284   0.03318       136       640    0.9813    0.9849    0.9909    0.8809   0.02229   0.01093  0.006997
   106/199     21.6G   0.02006  0.005544  0.007259   0.03286       140       640    0.9724    0.9901    0.9909    0.8816   0.02216   0.01097  0.006991
   107/199     21.6G      0.02  0.005559  0.007273   0.03283       109       640    0.9759    0.9864    0.9908    0.8827   0.02198     0.011  0.006988
   108/199     21.6G   0.01988  0.005448  0.007245   0.03257       119       640    0.9788    0.9834    0.9908    0.8827   0.02186   0.01101  0.006989
   109/199     21.6G   0.02007  0.005461  0.007275   0.03281       119       640    0.9804    0.9844    0.9909    0.8855   0.02179   0.01102  0.006989
   110/199     21.6G   0.01983    0.0055  0.007273   0.03261       121       640    0.9812    0.9842    0.9911    0.8877   0.02168   0.01105   0.00699
   111/199     21.6G   0.02003  0.005494  0.007254   0.03277        99       640     0.982    0.9844    0.9914    0.8873   0.02154   0.01106  0.006989
   112/199     21.6G   0.01994  0.005439  0.007263   0.03265       131       640    0.9805    0.9858    0.9915    0.8885   0.02143   0.01107  0.006989
   113/199     21.6G   0.01985  0.005488  0.007284   0.03262       154       640    0.9799    0.9857    0.9912    0.8891   0.02136   0.01106  0.006985
   114/199     21.6G   0.01987   0.00541  0.007274   0.03256       143       640    0.9769    0.9905    0.9911      0.89    0.0213   0.01104  0.006986
   115/199     21.6G   0.01966   0.00541  0.007261   0.03233       123       640    0.9802    0.9891    0.9912    0.8908   0.02124   0.01106  0.006988
   116/199     21.6G   0.01932   0.00535  0.007219   0.03188       114       640    0.9816     0.987    0.9918    0.8921   0.02124   0.01107  0.006991
   117/199     21.6G   0.01913   0.00543  0.007234   0.03179       146       640    0.9809    0.9873    0.9918    0.8924   0.02122   0.01108  0.006992
   118/199     21.6G    0.0193  0.005385  0.007219   0.03191       176       640    0.9793      0.99    0.9918    0.8939    0.0212    0.0111  0.006991
   119/199     21.6G   0.01909  0.005285   0.00723   0.03161       139       640    0.9784    0.9905    0.9918    0.8948   0.02114   0.01111  0.006992
   120/199     21.6G   0.01915  0.005343  0.007259   0.03175       130       640    0.9814    0.9864    0.9913    0.8957   0.02101   0.01108  0.006987
   121/199     21.6G   0.01895  0.005285  0.007198   0.03143       139       640    0.9807    0.9877    0.9912    0.8965   0.02094    0.0111  0.006985
   122/199     21.6G   0.01909  0.005349  0.007234   0.03167       187       640    0.9807    0.9875    0.9913    0.8974   0.02085   0.01111  0.006987
   123/199     21.6G   0.01871  0.005239  0.007215   0.03116       129       640    0.9814    0.9868    0.9914     0.898   0.02079   0.01112  0.006989
   124/199     21.6G   0.01852    0.0052  0.007202   0.03092       132       640    0.9805    0.9887    0.9915    0.8989   0.02072   0.01113  0.006991
   125/199     21.6G   0.01855  0.005174  0.007202   0.03093       140       640    0.9794    0.9899    0.9915    0.8997   0.02063   0.01116   0.00699
   126/199     21.6G   0.01828  0.005038  0.007179    0.0305       128       640    0.9803    0.9891    0.9914    0.9011   0.02056   0.01119   0.00699
   127/199     21.6G   0.01849  0.005157  0.007193   0.03084       155       640    0.9803    0.9887    0.9914    0.9017    0.0205   0.01121   0.00699
   128/199     21.6G   0.01814  0.005127  0.007188   0.03046       158       640    0.9803    0.9886    0.9914    0.9023   0.02047   0.01123   0.00699
   129/199     21.6G   0.01819  0.005122  0.007171   0.03048       132       640    0.9802    0.9893    0.9915     0.903   0.02048   0.01126  0.006991
   130/199     21.6G   0.01814  0.005064  0.007168   0.03038       164       640    0.9805    0.9892    0.9915    0.9041   0.02048   0.01128  0.006992
   131/199     21.6G   0.01794  0.004974  0.007176   0.03008       132       640    0.9805    0.9893    0.9915    0.9036   0.02046    0.0113  0.006992
   132/199     21.6G   0.01805  0.005025  0.007162   0.03024       131       640    0.9861    0.9847    0.9915    0.9048   0.02043   0.01132  0.006991
   133/199     21.6G   0.01779   0.00497  0.007163   0.02993       149       640     0.984    0.9866    0.9915    0.9063   0.02039   0.01135   0.00699
   134/199     21.6G   0.01787  0.004962  0.007194   0.03003       139       640    0.9844    0.9861    0.9916    0.9063   0.02038   0.01137  0.006989
   135/199     21.6G   0.01781  0.004919  0.007173    0.0299       146       640    0.9861    0.9856    0.9916    0.9064   0.02035   0.01139  0.006988
   136/199     21.6G   0.01774  0.004959  0.007182   0.02988       154       640    0.9861    0.9858    0.9916    0.9061   0.02035   0.01142  0.006988
   137/199     21.6G   0.01764  0.004948  0.007167   0.02975       138       640    0.9861    0.9861    0.9917    0.9072   0.02034   0.01143  0.006989
   138/199     21.6G   0.01736  0.004905  0.007146   0.02942       131       640    0.9855     0.986    0.9917    0.9072   0.02035   0.01144   0.00699
   139/199     21.6G   0.01753  0.004907  0.007212   0.02965       141       640    0.9861    0.9855    0.9917    0.9079   0.02035   0.01145  0.006991
   140/199     21.6G   0.01738  0.004814  0.007136   0.02933       165       640    0.9813    0.9899    0.9917    0.9077   0.02036   0.01147  0.006992
   141/199     21.6G   0.01723  0.004665  0.007117   0.02901       151       640    0.9819    0.9899    0.9917    0.9081   0.02036   0.01148  0.006992
   142/199     21.6G    0.0174  0.004857  0.007161   0.02942       141       640    0.9863    0.9855    0.9917    0.9086   0.02037    0.0115  0.006992
   143/199     21.6G   0.01707  0.004796  0.007157   0.02902       155       640    0.9865    0.9855    0.9918    0.9089   0.02035   0.01151  0.006992
   144/199     21.6G     0.017  0.004742  0.007157    0.0289       122       640    0.9861    0.9855    0.9918    0.9088   0.02034   0.01152  0.006993
   145/199     21.6G   0.01723  0.004782  0.007163   0.02918       124       640    0.9859    0.9855    0.9918    0.9094   0.02033   0.01153  0.006994
   146/199     21.6G    0.0169  0.004699  0.007114   0.02872       127       640    0.9857    0.9854    0.9918    0.9104   0.02032   0.01154  0.006994
   147/199     21.6G   0.01691  0.004779  0.007147   0.02884       146       640    0.9861    0.9855    0.9918    0.9109    0.0203   0.01156  0.006993
   148/199     21.6G   0.01695  0.004718  0.007153   0.02882       130       640     0.986    0.9855    0.9918    0.9113   0.02028   0.01157  0.006993
   149/199     21.6G    0.0166  0.004692  0.007116   0.02841       127       640    0.9867    0.9849    0.9919    0.9116   0.02027   0.01158  0.006994
   150/199     21.6G   0.01639  0.004605  0.007115   0.02811       129       640    0.9869    0.9849    0.9919    0.9117   0.02026   0.01159  0.006994
   151/199     21.6G   0.01653  0.004728  0.007153   0.02841       130       640    0.9869     0.985    0.9919    0.9118   0.02025   0.01161  0.006994
   152/199     21.6G   0.01644  0.004706  0.007139   0.02828       146       640    0.9868     0.985    0.9919    0.9121   0.02024   0.01162  0.006994
   153/199     21.6G   0.01646  0.004697  0.007142    0.0283       171       640    0.9867    0.9851    0.9919     0.912   0.02023   0.01163  0.006995
   154/199     21.6G   0.01646  0.004591  0.007134   0.02819        95       640    0.9847    0.9874    0.9919     0.912   0.02023   0.01164  0.006995
   155/199     21.6G   0.01636   0.00463  0.007125   0.02812       131       640    0.9847    0.9873    0.9919    0.9116   0.02023   0.01166  0.006995
   156/199     21.6G   0.01618  0.004641  0.007105   0.02793       159       640    0.9847    0.9873     0.992    0.9131   0.02021   0.01167  0.006996
   157/199     21.6G   0.01596  0.004423  0.007096   0.02747       131       640    0.9847    0.9875     0.992    0.9128    0.0202   0.01169  0.006996
   158/199     21.6G   0.01605  0.004509  0.007087   0.02765       129       640    0.9846    0.9875     0.992    0.9129    0.0202   0.01171  0.006997
   159/199     21.6G    0.0159  0.004431  0.007109   0.02744       163       640    0.9846    0.9876     0.992    0.9136   0.02019   0.01172  0.006998
   160/199     21.6G   0.01611  0.004519  0.007101   0.02773       114       640    0.9846    0.9874    0.9921    0.9134   0.02019   0.01173  0.006998
   161/199     21.6G   0.01582  0.004449  0.007082   0.02735       165       640    0.9846    0.9873    0.9921    0.9139   0.02019   0.01175  0.006999
   162/199     21.6G   0.01588  0.004427  0.007088   0.02739       106       640    0.9846    0.9873    0.9921    0.9137   0.02019   0.01176  0.006999
   163/199     21.6G   0.01574  0.004454  0.007099   0.02729       132       640    0.9846    0.9874    0.9921     0.914   0.02018   0.01178  0.006999
   164/199     21.6G   0.01583  0.004512   0.00712   0.02746       134       640     0.984    0.9881    0.9921    0.9143   0.02018   0.01179     0.007
   165/199     21.6G   0.01585  0.004481  0.007071    0.0274       153       640    0.9844    0.9881    0.9922    0.9145   0.02017    0.0118     0.007
   166/199     21.6G   0.01569  0.004401  0.007059   0.02715       153       640    0.9845    0.9881    0.9922    0.9142   0.02017   0.01181     0.007
   167/199     21.6G   0.01564  0.004431  0.007081   0.02715       118       640    0.9846    0.9881    0.9922    0.9151   0.02016   0.01183     0.007
   168/199     21.6G   0.01546  0.004344  0.007109   0.02692       101       640    0.9847    0.9881     0.992    0.9158   0.02016   0.01184     0.007
   169/199     21.6G   0.01547  0.004479    0.0071   0.02705       145       640    0.9847    0.9881     0.992    0.9158   0.02017   0.01185  0.007001
   170/199     21.6G   0.01536  0.004307  0.007079   0.02674       148       640    0.9847    0.9881     0.992     0.916   0.02017   0.01187  0.007002
   171/199     21.6G   0.01557  0.004417  0.007115   0.02711       128       640    0.9854    0.9887    0.9922     0.916   0.02018   0.01188  0.007002
   172/199     21.6G   0.01531  0.004362  0.007071   0.02675       145       640    0.9849    0.9887    0.9923    0.9161   0.02019   0.01189  0.007003
   173/199     21.6G   0.01524  0.004419  0.007094   0.02675       134       640    0.9853    0.9882    0.9923    0.9167   0.02019    0.0119  0.007004
   174/199     21.6G   0.01509  0.004355  0.007079   0.02653       124       640    0.9862    0.9873    0.9923     0.918   0.02018   0.01191  0.007005
   175/199     21.6G   0.01514  0.004279   0.00705   0.02647       130       640    0.9802    0.9934    0.9923    0.9176   0.02019   0.01192  0.007006
   176/199     21.6G   0.01499  0.004288  0.007071   0.02635       121       640    0.9802    0.9934    0.9923    0.9183   0.02019   0.01194  0.007007
   177/199     21.6G   0.01492  0.004262  0.007034   0.02621       147       640    0.9802    0.9934    0.9923    0.9186   0.02017   0.01194  0.007007
   178/199     21.6G   0.01517  0.004291  0.007072   0.02653       121       640    0.9849    0.9887    0.9923    0.9189   0.02016   0.01196  0.007008
   179/199     21.6G   0.01498  0.004288   0.00708   0.02635       120       640    0.9851    0.9887    0.9923    0.9186   0.02016   0.01197  0.007008
   180/199     21.6G   0.01466  0.004116  0.007058   0.02583       163       640    0.9841    0.9899    0.9923    0.9194   0.02016   0.01198  0.007009
   181/199     21.6G   0.01489  0.004203   0.00708   0.02617       130       640    0.9842    0.9899    0.9923    0.9199   0.02015   0.01199  0.007009
   182/199     21.6G   0.01501  0.004221   0.00708   0.02631       119       640    0.9843    0.9899    0.9923    0.9204   0.02015   0.01199  0.007009
   183/199     21.6G   0.01494  0.004278  0.007082    0.0263       134       640    0.9843    0.9899    0.9923    0.9199   0.02014   0.01201  0.007009
   184/199     21.6G     0.015  0.004233  0.007077   0.02631       127       640    0.9844    0.9899    0.9923    0.9202   0.02013   0.01202   0.00701
   185/199     21.6G   0.01477  0.004264  0.007077   0.02611       149       640    0.9845    0.9899    0.9924    0.9203   0.02012   0.01203   0.00701
   186/199     21.6G   0.01477  0.004176  0.007085   0.02603       107       640    0.9847    0.9899    0.9924    0.9199   0.02011   0.01204   0.00701
   187/199     21.6G    0.0147  0.004129  0.007056   0.02588       130       640    0.9848    0.9898    0.9924    0.9196   0.02012   0.01205  0.007011
   188/199     21.6G   0.01469  0.004179  0.007094   0.02596       136       640    0.9849    0.9897    0.9924      0.92   0.02011   0.01206  0.007011
   189/199     21.6G   0.01443  0.004105  0.007063   0.02559       113       640    0.9841    0.9905    0.9924    0.9203    0.0201   0.01207  0.007011
   190/199     21.6G   0.01469  0.004117  0.007078   0.02588       135       640    0.9849    0.9899    0.9924    0.9206   0.02009   0.01208  0.007012
   191/199     21.6G   0.01454  0.004156  0.007069   0.02576       149       640    0.9848    0.9905    0.9924     0.921   0.02008    0.0121  0.007012
   192/199     21.6G   0.01444  0.004115  0.007076   0.02563       142       640     0.985    0.9899    0.9924    0.9213   0.02008    0.0121  0.007012
   193/199     21.6G   0.01457  0.004096  0.007068   0.02574       151       640    0.9852    0.9899    0.9924    0.9215   0.02008   0.01211  0.007013
   194/199     21.6G   0.01461  0.004098  0.007086   0.02579       137       640    0.9853    0.9899    0.9924    0.9219   0.02007   0.01212  0.007013
   195/199     21.6G   0.01448  0.004062  0.007074   0.02561       149       640    0.9854    0.9899    0.9924    0.9224   0.02006   0.01213  0.007013
   196/199     21.6G   0.01441  0.004021  0.007054   0.02548       118       640    0.9855    0.9899    0.9925    0.9223   0.02006   0.01214  0.007013
   197/199     21.6G   0.01425  0.004045  0.007058   0.02535        87       640    0.9854    0.9899    0.9925    0.9224   0.02005   0.01215  0.007014
   198/199     21.6G   0.01421  0.004021  0.007046   0.02528       177       640    0.9854    0.9899    0.9925    0.9225   0.02004   0.01216  0.007014
   199/199     21.6G   0.01431   0.00405  0.007086   0.02544       114       640    0.9853    0.9899    0.9925    0.9227   0.02004   0.01217  0.007014
