     0/199      3.3G   0.06933    0.0114   0.02149    0.1022       102       640    0.1387    0.1441    0.0812   0.02428   0.08168    0.0121   0.02048
     1/199     4.38G   0.05818   0.01004   0.01619   0.08442       143       640    0.2353    0.3162    0.2074   0.07725   0.08102    0.0112   0.01688
     2/199     4.38G   0.05548    0.0101   0.01326   0.07885       133       640    0.3821    0.3503    0.2884    0.1101   0.07484    0.0114   0.01491
     3/199     4.38G   0.05453   0.01006   0.01197   0.07656       153       640    0.2902    0.3993    0.2641   0.09283   0.07895   0.01089   0.01418
     4/199     4.38G    0.0535  0.009709   0.01161   0.07482       147       640    0.3612    0.4001    0.3241    0.1226    0.0827   0.01063   0.01322
     5/199     4.38G   0.05254  0.009741    0.0111   0.07338       132       640    0.4641    0.4158    0.3876    0.1576   0.07429   0.01099   0.01329
     6/199     4.38G    0.0511  0.009749   0.01057   0.07142       135       640    0.4446      0.48    0.4204    0.1743   0.07466   0.01038    0.0124
     7/199     4.38G   0.05012  0.009844   0.01031   0.07027       105       640    0.5001     0.447    0.4349    0.1846   0.07126   0.01062   0.01217
     8/199     4.38G    0.0493  0.009883   0.01001    0.0692       140       640    0.4842    0.5102    0.4562    0.1969   0.07461   0.01003   0.01197
     9/199     4.38G   0.04891  0.009837  0.009758   0.06851       148       640    0.5221    0.5137    0.4869    0.2119   0.07283   0.01045    0.0118
    10/199     4.38G   0.04818  0.009708  0.009691   0.06757       124       640    0.5618    0.4972    0.4993    0.2137   0.07099   0.01077   0.01199
    11/199     4.38G   0.04755  0.009564  0.009604   0.06671       117       640     0.581    0.5403    0.5474    0.2432    0.0678   0.01053   0.01161
    12/199     4.38G   0.04734  0.009673  0.009446   0.06646       119       640    0.6033    0.5495    0.5537    0.2636   0.07159   0.01009    0.0114
    13/199     4.38G   0.04743  0.009621  0.009389   0.06644       120       640     0.608    0.5978    0.5966    0.2831   0.06745    0.0102   0.01113
    14/199     4.38G    0.0475  0.009481   0.00932    0.0663       126       640    0.6145    0.5908     0.591    0.2812   0.06961    0.0101   0.01137
    15/199     4.38G     0.047  0.009396  0.009288   0.06569       126       640     0.615    0.5732    0.5829    0.2764   0.06748   0.01081   0.01157
    16/199     4.38G   0.04667  0.009382   0.00919   0.06524       112       640    0.6431    0.6342    0.6554    0.3078   0.06409   0.01071   0.01101
    17/199     4.38G    0.0461  0.009348  0.009101   0.06455       156       640    0.6511    0.5763    0.6045    0.2803   0.06598   0.01069   0.01102
    18/199     4.38G    0.0459  0.009304  0.009158   0.06436       119       640    0.6687    0.6619    0.6609    0.3223   0.06303   0.01054   0.01066
    19/199     4.38G   0.04561  0.009374  0.009081   0.06407       132       640    0.7258    0.5879    0.6476    0.3098   0.06766   0.01087   0.01062
    20/199     4.38G   0.04547  0.009146  0.009021   0.06364       123       640    0.6836    0.6426    0.6689    0.3262    0.0637   0.01041   0.01071
    21/199     4.38G   0.04494  0.009132  0.008922   0.06299       140       640    0.6525    0.6655     0.675    0.3281   0.06677   0.01023   0.01051
    22/199     4.38G   0.04451  0.008982  0.008909    0.0624       105       640    0.7122    0.6752    0.7139    0.3621   0.06581  0.009679   0.01036
    23/199     4.38G   0.04432  0.009008  0.008904   0.06223       154       640    0.7377    0.6331    0.6993    0.3547   0.06439   0.01046   0.01051
    24/199     4.38G   0.04417  0.009078  0.008852    0.0621       117       640    0.6918    0.6868     0.719    0.3619   0.06335   0.01015    0.0104
    25/199     4.38G    0.0442  0.009045  0.008778   0.06203       135       640    0.7339    0.7168    0.7295    0.3651    0.0633   0.01038   0.01048
    26/199     4.38G   0.04363  0.008931  0.008787   0.06135       140       640    0.7333    0.7418    0.7723    0.4085   0.06177  0.009855   0.01033
    27/199     4.38G   0.04367   0.00896  0.008774    0.0614       108       640    0.7369    0.7187    0.7581    0.3923    0.0603   0.01045   0.01023
    28/199     4.38G   0.04366  0.008877  0.008839   0.06138       120       640    0.7255    0.7216    0.7632    0.4092   0.05988   0.01028   0.01025
    29/199     4.38G   0.04371  0.008792  0.008665   0.06117       116       640    0.7478    0.7306    0.7675    0.4064   0.06146   0.01033   0.01011
    30/199     4.38G   0.04312   0.00885  0.008688   0.06066       130       640    0.7779    0.7406    0.7856    0.4223   0.06049   0.01021   0.01022
    31/199     4.38G   0.04272   0.00877  0.008597   0.06009       130       640    0.7505     0.773    0.7968    0.4264   0.05838   0.01011   0.01006
    32/199     4.38G   0.04285   0.00888  0.008661   0.06039       103       640    0.7734    0.7619    0.7992    0.4355   0.05632   0.01043   0.01012
    33/199     4.38G   0.04238  0.008817   0.00864   0.05983       111       640    0.7959    0.7652    0.8093    0.4531   0.05523   0.01052   0.01015
    34/199     4.38G    0.0421  0.008864  0.008624   0.05959       129       640    0.7793    0.7753    0.8161    0.4557   0.05623   0.01006  0.009983
    35/199     4.38G   0.04213  0.008791  0.008544   0.05946       100       640    0.7874    0.7795    0.8042    0.4514   0.05698   0.01019  0.009978
    36/199     4.38G   0.04178   0.00875  0.008578   0.05911       145       640    0.8114    0.7789    0.8268    0.4621   0.05645   0.01006  0.009935
    37/199     4.38G   0.04177  0.008563  0.008539   0.05887       133       640    0.8249    0.7806    0.8354    0.4781   0.05491  0.009959  0.009813
    38/199     4.38G   0.04102  0.008703  0.008419   0.05815       127       640    0.8284    0.8053     0.847    0.4934   0.05543   0.00974  0.009846
    39/199     4.38G   0.04146  0.008833  0.008395   0.05869       122       640    0.8418    0.7831    0.8451    0.4899   0.05476  0.009759  0.009703
    40/199     4.38G   0.04126  0.008599  0.008544    0.0584       123       640    0.8147     0.807     0.841    0.4863   0.05515  0.009703  0.009603
    41/199     4.38G   0.04108  0.008466  0.008475   0.05802       132       640    0.8073    0.8314    0.8618    0.5023   0.05429  0.009589  0.009624
    42/199     4.38G   0.04093  0.008527  0.008502   0.05796       119       640    0.8044    0.8407    0.8602    0.5055   0.05335  0.009721  0.009635
    43/199     4.38G   0.04077  0.008576  0.008434   0.05778       142       640    0.8548      0.83    0.8755    0.5154   0.05358  0.009585   0.00967
    44/199     4.38G   0.04058  0.008502   0.00841   0.05749       133       640     0.856     0.847    0.8879    0.5284   0.05402  0.009207  0.009629
    45/199     4.38G   0.03988  0.008363  0.008401   0.05664       123       640    0.8371    0.8643    0.8795    0.5303   0.05423  0.009288  0.009568
    46/199     4.38G   0.04053  0.008418  0.008365   0.05731       126       640    0.8751    0.8218    0.8892    0.5339   0.05346  0.009296  0.009517
    47/199     4.38G   0.04008  0.008269  0.008362   0.05672        90       640    0.8582    0.8503    0.8862    0.5322   0.05419  0.009072  0.009519
    48/199     4.38G   0.04009  0.008433  0.008344   0.05687       138       640    0.8645    0.8288    0.8891    0.5477   0.05447  0.008986   0.00947
    49/199     4.38G   0.03978  0.008339  0.008323   0.05644       151       640    0.8838    0.8567    0.8958    0.5593    0.0544  0.008811  0.009475
    50/199     4.38G   0.03951  0.008359  0.008346   0.05621       133       640    0.8929    0.8496    0.9037    0.5561    0.0549  0.008801  0.009503
    51/199     4.38G   0.03953  0.008212   0.00836    0.0561       107       640    0.8738    0.8786    0.9112    0.5703   0.05386  0.008716  0.009475
    52/199     4.38G   0.03897  0.008167  0.008333   0.05547       107       640    0.8884    0.8643    0.9073     0.577   0.05335  0.008845  0.009451
    53/199     4.38G   0.03901   0.00821  0.008255   0.05548       138       640    0.8576    0.8891    0.9132    0.5808   0.05291  0.008607  0.009479
    54/199     4.38G   0.03896  0.008066  0.008293   0.05532       143       640    0.8777    0.8722    0.9057    0.5766    0.0536  0.008519  0.009488
    55/199     4.38G   0.03917  0.008211  0.008292   0.05567        88       640    0.8894    0.8692    0.9111    0.5767   0.05331  0.008664  0.009423
    56/199     4.38G   0.03879  0.008208  0.008267   0.05526       164       640    0.9027    0.8572    0.9136    0.5842   0.05156  0.008577  0.009484
    57/199     4.38G   0.03847  0.008069  0.008251   0.05479       138       640    0.8783    0.8817    0.9153    0.5961   0.05122  0.008656  0.009429
    58/199     4.38G   0.03861  0.008098  0.008262   0.05498       144       640    0.8896    0.8836    0.9226    0.5974   0.05111  0.008527  0.009386
    59/199     4.38G     0.038  0.008022  0.008164   0.05419       128       640     0.887    0.9057    0.9288    0.5978   0.05238   0.00835  0.009466
    60/199     4.38G   0.03822  0.008259   0.00825   0.05473       113       640    0.9109    0.8836    0.9267    0.6073   0.05063  0.008332  0.009438
    61/199     4.38G   0.03779  0.008037   0.00829   0.05412       100       640    0.8906    0.9043    0.9342    0.6165   0.05025  0.008331  0.009426
    62/199     4.38G   0.03776  0.008188  0.008183   0.05413       135       640    0.9103    0.9011     0.941    0.6283   0.05076  0.008258  0.009433
    63/199     4.38G   0.03763  0.008033  0.008224   0.05389       121       640    0.9085    0.9172    0.9368     0.625   0.05154  0.008041  0.009461
    64/199     4.38G   0.03739  0.007994  0.008184   0.05357       124       640    0.9154    0.8981    0.9314    0.6272   0.05145   0.00804   0.00948
    65/199     4.38G    0.0371  0.008046  0.008174   0.05332       157       640    0.9076    0.9015     0.933    0.6255   0.05045  0.008144  0.009398
    66/199     4.38G   0.03775  0.007998  0.008238   0.05399       166       640    0.9136    0.9171    0.9435    0.6343   0.04983  0.008005  0.009378
    67/199     4.38G   0.03684  0.008054  0.008124   0.05302        97       640    0.9129    0.9211    0.9439      0.64   0.04974  0.008029  0.009434
    68/199     4.38G     0.037  0.007863  0.008201   0.05306       144       640    0.9124    0.9196    0.9391    0.6419   0.04933  0.008065  0.009467
    69/199     4.38G   0.03699   0.00779  0.008062   0.05284       134       640    0.9161    0.9254    0.9416      0.65   0.04925  0.007957  0.009431
    70/199     4.38G   0.03713  0.007831  0.008101   0.05307       114       640     0.912    0.9303    0.9384    0.6436   0.04952  0.007902  0.009445
    71/199     4.38G   0.03699  0.007932  0.008146   0.05306        97       640    0.9243      0.93    0.9475    0.6537   0.04823  0.007927  0.009443
    72/199     4.38G   0.03667   0.00787  0.008081   0.05262       116       640    0.9336    0.9199    0.9496     0.657   0.04776    0.0079  0.009434
    73/199     4.38G    0.0365  0.007675   0.00817   0.05234       156       640    0.9307    0.9182    0.9499    0.6599   0.04772  0.007954  0.009419
    74/199     4.38G   0.03634  0.007758  0.008036   0.05214       147       640    0.9226    0.9328    0.9539     0.667   0.04807   0.00785  0.009398
    75/199     4.38G   0.03619  0.007729  0.008066   0.05199       118       640    0.9274    0.9416    0.9527    0.6703   0.04688  0.007871  0.009445
    76/199     4.38G   0.03597  0.007672  0.008083   0.05172        89       640    0.9315    0.9344    0.9561    0.6782   0.04725  0.007785  0.009386
    77/199     4.38G   0.03615  0.007705  0.008059   0.05191       116       640    0.9265    0.9428    0.9552    0.6775   0.04701  0.007754  0.009354
    78/199     4.38G   0.03601    0.0077  0.008094    0.0518       151       640    0.9361    0.9331    0.9562    0.6792   0.04724  0.007732  0.009294
    79/199     4.38G   0.03567  0.007609  0.008041   0.05133       157       640    0.9275    0.9434    0.9549     0.677    0.0471  0.007689  0.009281
    80/199     4.38G   0.03586  0.007763  0.008033   0.05166       126       640    0.9285    0.9458    0.9572    0.6855   0.04669   0.00764  0.009295
    81/199     4.38G   0.03557  0.007694  0.008041   0.05131       134       640    0.9449    0.9294    0.9574    0.6887   0.04629  0.007662  0.009315
    82/199     4.38G   0.03542  0.007641  0.008069   0.05113       145       640     0.935    0.9484    0.9625    0.6917    0.0462  0.007652  0.009314
    83/199     4.38G   0.03484  0.007692  0.007933   0.05046       118       640    0.9498    0.9367    0.9602    0.6953   0.04609  0.007641  0.009292
    84/199     4.38G   0.03495   0.00766  0.007939   0.05055       136       640    0.9343    0.9486    0.9589     0.695   0.04623  0.007572   0.00928
    85/199     4.38G   0.03455   0.00758   0.00798   0.05011       130       640    0.9451    0.9414    0.9606    0.6972   0.04618  0.007557  0.009285
    86/199     4.38G   0.03455  0.007459  0.007913   0.04992       118       640    0.9329    0.9507    0.9609    0.7014   0.04648  0.007517  0.009281
    87/199     4.38G   0.03447  0.007441  0.007912   0.04982       136       640     0.937    0.9506    0.9627     0.703   0.04659  0.007506  0.009278
    88/199     4.38G   0.03468  0.007484  0.007931   0.05009       118       640    0.9442    0.9509    0.9627    0.7053   0.04663  0.007422  0.009297
    89/199     4.38G   0.03435  0.007404  0.007906   0.04966       123       640    0.9415    0.9517     0.961    0.7061   0.04686  0.007389  0.009274
    90/199     4.38G   0.03419  0.007495  0.007948   0.04963       121       640    0.9419    0.9438    0.9602    0.7049   0.04696  0.007369  0.009254
    91/199     4.38G   0.03419  0.007483  0.007954   0.04962       163       640    0.9384    0.9523    0.9627    0.7109   0.04688  0.007319   0.00924
    92/199     4.38G   0.03441  0.007463  0.007949   0.04982        87       640    0.9346    0.9612    0.9642    0.7156   0.04696  0.007299  0.009248
    93/199     4.38G   0.03411  0.007491  0.007978   0.04958       125       640    0.9373    0.9613    0.9671    0.7166   0.04702  0.007272  0.009252
    94/199     4.38G   0.03358  0.007419  0.007897   0.04889       112       640     0.936    0.9609    0.9669     0.716    0.0469  0.007282  0.009263
    95/199     4.38G   0.03381  0.007406  0.007914   0.04913       159       640    0.9509     0.946     0.969    0.7184   0.04673  0.007265  0.009262
    96/199     4.38G   0.03371  0.007417  0.007893   0.04902       127       640    0.9462    0.9506    0.9664    0.7173    0.0464  0.007257  0.009258
    97/199     4.38G    0.0336  0.007316  0.007878    0.0488       142       640    0.9444    0.9527    0.9677    0.7206   0.04617  0.007242  0.009259
    98/199     4.38G   0.03335  0.007365  0.007926   0.04864       117       640    0.9374     0.964    0.9692     0.723   0.04612  0.007205  0.009267
    99/199     4.38G   0.03359  0.007361  0.007852    0.0488       124       640    0.9391    0.9627    0.9696    0.7247   0.04586   0.00719  0.009264
   100/199     4.38G   0.03343  0.007291  0.007898   0.04862       168       640    0.9417    0.9627    0.9699    0.7254   0.04541  0.007192  0.009273
   101/199     4.38G   0.03353  0.007379  0.007887    0.0488       131       640    0.9493    0.9516    0.9693    0.7283   0.04512  0.007222  0.009286
   102/199     4.38G   0.03341  0.007347  0.007881   0.04864       146       640    0.9423     0.958    0.9706      0.73   0.04485  0.007222  0.009286
   103/199     4.38G   0.03339  0.007261  0.007853    0.0485       110       640    0.9343    0.9658    0.9713    0.7305   0.04462  0.007216  0.009275
   104/199     4.38G   0.03251   0.00723  0.007841   0.04758       142       640    0.9313    0.9717    0.9719    0.7324   0.04449  0.007222  0.009267
   105/199     4.38G   0.03319  0.007289  0.007886   0.04837       143       640    0.9336    0.9689    0.9721    0.7352    0.0445   0.00723  0.009261
   106/199     4.38G   0.03268  0.007381  0.007851   0.04791       136       640    0.9429    0.9627    0.9736    0.7376   0.04457  0.007205  0.009245
   107/199     4.38G   0.03271  0.007256  0.007867   0.04784       146       640    0.9407    0.9681    0.9745    0.7413   0.04458  0.007187  0.009231
   108/199     4.38G   0.03257  0.007211  0.007892   0.04768       128       640     0.941    0.9693    0.9747    0.7407   0.04448  0.007167  0.009221
   109/199     4.38G   0.03216  0.007166  0.007784   0.04711       126       640    0.9427     0.969    0.9745    0.7425    0.0443  0.007146  0.009208
   110/199     4.38G   0.03227  0.007188  0.007793   0.04726       113       640    0.9423     0.971    0.9749    0.7439   0.04421   0.00714  0.009199
   111/199     4.38G   0.03293  0.007209  0.007808   0.04794       106       640     0.944    0.9704    0.9747    0.7449   0.04418  0.007128   0.00919
   112/199     4.38G   0.03185  0.007214  0.007791   0.04686       127       640    0.9395    0.9759    0.9747    0.7482     0.044   0.00711  0.009178
   113/199     4.38G   0.03223  0.007241  0.007856   0.04733       135       640    0.9441    0.9718    0.9748    0.7495   0.04378  0.007107  0.009163
   114/199     4.38G   0.03197   0.00715  0.007837   0.04696       117       640    0.9475    0.9691    0.9749    0.7504   0.04362  0.007107  0.009149
   115/199     4.38G   0.03172   0.00708  0.007799    0.0466        97       640     0.946     0.972    0.9749    0.7507   0.04366  0.007084  0.009136
   116/199     4.38G   0.03164  0.007081  0.007765   0.04649       119       640    0.9442    0.9748    0.9744    0.7523   0.04359  0.007067  0.009126
   117/199     4.38G   0.03154  0.007035  0.007729    0.0463       126       640    0.9447     0.976    0.9752    0.7532   0.04346  0.007048  0.009115
   118/199     4.38G   0.03143  0.007033  0.007732    0.0462       149       640    0.9486    0.9733    0.9755     0.757   0.04327  0.007023  0.009106
   119/199     4.38G   0.03156  0.007073   0.00774   0.04637       111       640    0.9424    0.9789    0.9756    0.7586   0.04309  0.007002  0.009098
   120/199     4.38G   0.03164  0.006986  0.007743   0.04637       110       640     0.943    0.9795    0.9756    0.7583   0.04292   0.00699  0.009095
   121/199     4.38G   0.03149  0.007037    0.0078   0.04633       155       640    0.9436    0.9794    0.9756    0.7602   0.04275  0.006988  0.009092
   122/199     4.38G   0.03117  0.007084  0.007798   0.04606       123       640    0.9475    0.9749    0.9756    0.7622    0.0426  0.006982  0.009089
   123/199     4.38G   0.03124  0.006996  0.007759   0.04599       122       640     0.948    0.9763    0.9757    0.7641   0.04253  0.006972  0.009085
   124/199     4.38G   0.03095  0.006925  0.007711   0.04558       128       640    0.9442    0.9796     0.978    0.7632   0.04246   0.00696   0.00908
   125/199     4.38G   0.03091  0.007012  0.007759   0.04568       119       640    0.9451    0.9786    0.9783    0.7655   0.04239  0.006946  0.009075
   126/199     4.38G   0.03065   0.00693  0.007738   0.04532       143       640    0.9453    0.9786    0.9783    0.7665   0.04232  0.006932   0.00907
   127/199     4.38G   0.03051  0.006871  0.007711   0.04509       115       640    0.9462    0.9789    0.9782    0.7675   0.04226  0.006925  0.009067
   128/199     4.38G   0.02989  0.006916  0.007658   0.04446       120       640    0.9516    0.9726    0.9783    0.7672   0.04219  0.006916   0.00906
   129/199     4.38G   0.03028  0.006864  0.007729   0.04487       148       640    0.9519    0.9734    0.9784    0.7688    0.0421  0.006911  0.009053
   130/199     4.38G   0.03027  0.006897  0.007667   0.04483       124       640    0.9453    0.9797    0.9788    0.7679   0.04202  0.006907  0.009045
   131/199     4.38G   0.03015  0.006802  0.007701   0.04466       124       640    0.9485    0.9783    0.9788    0.7688   0.04195  0.006901  0.009037
   132/199     4.38G   0.03045   0.00693  0.007734   0.04512       130       640    0.9485    0.9786    0.9791    0.7701    0.0419  0.006897   0.00903
   133/199     4.38G   0.03039  0.006845  0.007756   0.04499       111       640     0.948    0.9783    0.9793    0.7703   0.04181  0.006892  0.009024
   134/199     4.38G   0.03004   0.00678  0.007732   0.04456       140       640    0.9515    0.9753    0.9792    0.7714   0.04172  0.006887  0.009019
   135/199     4.38G   0.02965   0.00675   0.00764   0.04404       152       640    0.9517    0.9763    0.9793    0.7714   0.04165  0.006879  0.009013
   136/199     4.38G   0.03002  0.006854  0.007684   0.04456       134       640    0.9506    0.9763     0.979    0.7738   0.04158  0.006873  0.009006
   137/199     4.38G   0.02999  0.006723  0.007702   0.04441       145       640    0.9519    0.9757    0.9791    0.7746   0.04151  0.006869  0.009001
   138/199     4.38G   0.02986  0.006635  0.007667   0.04416       147       640    0.9481    0.9813    0.9801    0.7749   0.04143  0.006868  0.008995
   139/199     4.38G   0.02948  0.006646  0.007705   0.04383       161       640    0.9501    0.9801    0.9801    0.7754   0.04137  0.006864  0.008989
   140/199     4.38G   0.02948  0.006782  0.007648   0.04391       108       640    0.9509    0.9801    0.9802    0.7763   0.04131  0.006859  0.008982
   141/199     4.38G   0.02928  0.006733  0.007705   0.04372       143       640    0.9533    0.9783    0.9803    0.7773   0.04123  0.006855  0.008976
   142/199     4.38G   0.02921   0.00672  0.007629   0.04356       128       640    0.9502    0.9817    0.9805     0.778   0.04117  0.006849  0.008971
   143/199     4.38G   0.02867  0.006586  0.007625   0.04288       122       640     0.955    0.9779    0.9806    0.7776    0.0411  0.006844  0.008966
   144/199     4.38G   0.02898  0.006819  0.007657   0.04345       149       640    0.9553    0.9783    0.9807    0.7784   0.04105  0.006838  0.008961
   145/199     4.38G   0.02883  0.006634  0.007594   0.04306       133       640    0.9573    0.9763    0.9808    0.7792   0.04099  0.006834  0.008957
   146/199     4.38G   0.02847  0.006616  0.007597   0.04269       133       640     0.957    0.9772    0.9809    0.7809   0.04093  0.006828  0.008952
   147/199     4.38G   0.02885  0.006593  0.007683   0.04313       103       640    0.9558    0.9781    0.9809    0.7811   0.04088  0.006822  0.008948
   148/199     4.38G   0.02866  0.006582  0.007595   0.04284       144       640    0.9567    0.9774     0.981    0.7824   0.04084  0.006818  0.008943
   149/199     4.38G    0.0285  0.006545  0.007593   0.04263       130       640    0.9569    0.9772    0.9803    0.7837   0.04077  0.006814  0.008938
   150/199     4.38G   0.02896  0.006736   0.00763   0.04333       173       640    0.9542    0.9795    0.9804    0.7847   0.04072  0.006808  0.008932
   151/199     4.38G    0.0287  0.006669  0.007676   0.04304       114       640    0.9549    0.9789    0.9804    0.7843   0.04069  0.006802  0.008928
   152/199     4.38G   0.02836  0.006523  0.007629   0.04251       108       640    0.9553    0.9785    0.9804    0.7852   0.04066  0.006797  0.008923
   153/199     4.38G   0.02847   0.00654  0.007591    0.0426       147       640     0.955    0.9801    0.9804    0.7853   0.04062  0.006794  0.008919
   154/199     4.38G   0.02833  0.006536  0.007612   0.04248       120       640    0.9552    0.9799    0.9804    0.7853   0.04057  0.006788  0.008915
   155/199     4.38G   0.02806  0.006556  0.007601   0.04222       132       640    0.9588    0.9778    0.9806    0.7863   0.04052  0.006784  0.008911
   156/199     4.38G   0.02837  0.006652  0.007593   0.04261       154       640    0.9589    0.9784    0.9807    0.7865   0.04047  0.006782  0.008907
   157/199     4.38G   0.02783  0.006508  0.007547   0.04189        93       640    0.9589    0.9797    0.9807    0.7874   0.04042   0.00678  0.008903
   158/199     4.38G    0.0274  0.006408  0.007524   0.04134       108       640    0.9595    0.9791    0.9808    0.7884   0.04038  0.006778  0.008899
   159/199     4.38G    0.0278  0.006507  0.007603   0.04191       118       640    0.9596     0.979    0.9809    0.7888   0.04033  0.006775  0.008895
   160/199     4.38G   0.02795  0.006503  0.007554   0.04201       130       640    0.9594    0.9786    0.9809    0.7894   0.04029  0.006773  0.008891
   161/199     4.38G   0.02743  0.006383   0.00754   0.04135       140       640    0.9595    0.9786    0.9809    0.7898   0.04025  0.006772  0.008887
   162/199     4.38G   0.02775  0.006488  0.007553   0.04179       137       640    0.9596    0.9786     0.981    0.7908   0.04021  0.006768  0.008884
   163/199     4.38G   0.02745  0.006421  0.007537    0.0414       113       640    0.9596    0.9786     0.981    0.7914   0.04017  0.006766  0.008881
   164/199     4.38G   0.02755  0.006417  0.007517   0.04149       158       640    0.9595    0.9792    0.9811    0.7914   0.04014  0.006764  0.008878
   165/199     4.38G   0.02736  0.006384  0.007606   0.04135       155       640    0.9591    0.9798    0.9811    0.7915    0.0401   0.00676  0.008874
   166/199     4.38G   0.02676  0.006329  0.007501   0.04059       112       640    0.9602    0.9807    0.9816    0.7913   0.04006  0.006759   0.00887
   167/199     4.38G    0.0273  0.006418  0.007508   0.04122       107       640    0.9602    0.9807    0.9813    0.7912   0.04003  0.006759  0.008866
   168/199     4.38G   0.02703  0.006342  0.007513   0.04088       126       640    0.9601    0.9807    0.9816    0.7913   0.03999  0.006758  0.008863
   169/199     4.38G   0.02715  0.006385  0.007551   0.04108       150       640      0.96    0.9812    0.9816    0.7917   0.03996  0.006757  0.008859
   170/199     4.38G   0.02654  0.006325  0.007487   0.04035       131       640    0.9594    0.9818    0.9816    0.7927   0.03992  0.006757  0.008856
   171/199     4.38G    0.0268  0.006331  0.007529   0.04066       115       640    0.9594    0.9818    0.9817    0.7931   0.03989  0.006756  0.008852
   172/199     4.38G   0.02687   0.00632  0.007518   0.04071        97       640    0.9602    0.9813    0.9816    0.7932   0.03985  0.006755  0.008849
   173/199     4.38G   0.02664  0.006262   0.00753   0.04043       116       640    0.9602    0.9813    0.9818    0.7944   0.03981  0.006755  0.008845
   174/199     4.38G   0.02686  0.006408  0.007566   0.04084       103       640    0.9595    0.9823    0.9818    0.7952   0.03978  0.006753  0.008842
   175/199     4.38G   0.02695  0.006342  0.007579   0.04087       129       640    0.9602    0.9812    0.9818    0.7954   0.03975  0.006752  0.008838
   176/199     4.38G   0.02657  0.006295  0.007519   0.04038       121       640    0.9602    0.9812    0.9819    0.7959   0.03972   0.00675  0.008835
   177/199     4.38G   0.02636  0.006351  0.007516   0.04023       139       640    0.9602    0.9812     0.982    0.7958   0.03969  0.006748  0.008832
   178/199     4.38G   0.02647  0.006281  0.007483   0.04024       160       640    0.9593    0.9822    0.9821    0.7963   0.03966  0.006747  0.008828
   179/199     4.38G   0.02685  0.006332  0.007593   0.04077       156       640    0.9596    0.9823    0.9822    0.7963   0.03962  0.006745  0.008825
   180/199     4.38G   0.02652  0.006257  0.007549   0.04033       108       640    0.9594    0.9823    0.9822    0.7969   0.03959  0.006744  0.008822
   181/199     4.38G   0.02636  0.006239  0.007555   0.04016       136       640    0.9591    0.9828    0.9822    0.7972   0.03955  0.006744  0.008819
   182/199     4.38G   0.02631  0.006256  0.007492   0.04005       132       640    0.9599    0.9828    0.9822    0.7985   0.03952  0.006743  0.008816
   183/199     4.38G   0.02618  0.006201  0.007463   0.03984       154       640      0.96    0.9828    0.9823    0.7985   0.03949  0.006743  0.008813
   184/199     4.38G   0.02604  0.006177  0.007508   0.03973       110       640    0.9601    0.9828    0.9823     0.798   0.03945  0.006742  0.008809
   185/199     4.38G   0.02603   0.00615  0.007541   0.03972       103       640    0.9601    0.9828    0.9824    0.7983   0.03942   0.00674  0.008806
   186/199     4.38G   0.02604   0.00621  0.007516   0.03977       146       640    0.9607    0.9832    0.9824    0.7979   0.03938   0.00674  0.008803
   187/199     4.38G   0.02612  0.006195  0.007466   0.03978       126       640    0.9604    0.9843    0.9824    0.7977   0.03935  0.006738    0.0088
   188/199     4.38G   0.02585  0.006118  0.007483   0.03946       123       640    0.9609    0.9841    0.9825    0.7972   0.03932  0.006738  0.008797
   189/199     4.38G   0.02586  0.006197  0.007434   0.03949       148       640    0.9609    0.9841    0.9825    0.7975   0.03928  0.006738  0.008794
   190/199     4.38G   0.02616  0.006175  0.007494   0.03983       115       640    0.9609    0.9841    0.9825    0.7984   0.03926  0.006738   0.00879
   191/199     4.38G   0.02593   0.00619  0.007494   0.03962       121       640    0.9613    0.9839    0.9826    0.7986   0.03923  0.006738  0.008787
   192/199     4.38G   0.02607  0.006228  0.007487   0.03979       143       640    0.9613    0.9839     0.983    0.7993    0.0392  0.006738  0.008784
   193/199     4.38G   0.02617  0.006187  0.007486   0.03984       162       640    0.9615    0.9841     0.983    0.8002   0.03918  0.006737  0.008781
   194/199     4.38G   0.02595  0.006239  0.007493   0.03968       102       640    0.9615    0.9841     0.983     0.801   0.03915  0.006736  0.008778
   195/199     4.38G   0.02606  0.006086  0.007505   0.03965       147       640    0.9615     0.984     0.983     0.801   0.03913  0.006735  0.008774
   196/199     4.38G   0.02596   0.00619  0.007519   0.03966       135       640    0.9615    0.9841    0.9831     0.801    0.0391  0.006735  0.008771
   197/199     4.38G    0.0256  0.006012  0.007431   0.03905       131       640    0.9615    0.9841     0.983    0.8016   0.03908  0.006734  0.008768
   198/199     4.38G   0.02585  0.006062  0.007456   0.03937       125       640    0.9607     0.985    0.9831    0.8016   0.03906  0.006734  0.008765
   199/199     4.38G   0.02593  0.006175  0.007498    0.0396        96       640    0.9607    0.9849    0.9832    0.8024   0.03903  0.006733  0.008761
